25620570;41.15299;-8.612018
25620653;41.1536;-8.611996
25620737;41.14795;-8.612149
25620743;41.14788;-8.611281
25620747;41.14784;-8.610926
25620759;41.1488;-8.612135
25620947;41.14717;-8.612186
25620948;41.14755;-8.613368
25620960;41.14599;-8.612215
25632226;41.15071;-8.621094
25632227;41.15168;-8.621293
25632230;41.14964;-8.620875
25632362;41.14777;-8.622663
25632363;41.14745;-8.620352
25632370;41.14777;-8.620502
25632371;41.14762;-8.620204
25632411;41.15094;-8.60425
25632412;41.14939;-8.60411
25632422;41.1492;-8.61045
25632433;41.1492;-8.603171
111479498;41.1436;-8.62163
111479500;41.14343;-8.621334
111479501;41.14316;-8.620948
111479502;41.14257;-8.620356
111479503;41.14239;-8.620086
111479504;41.14158;-8.618849
111479505;41.1415;-8.618714
111479506;41.14054;-8.616597
111479507;41.1405;-8.616468
111479508;41.14048;-8.616322
111479509;41.14049;-8.616189
111479510;41.14054;-8.616021
111481288;41.14143;-8.613438
111481561;41.14165;-8.61452
111481563;41.14125;-8.614502
111481848;41.14166;-8.615314
111481849;41.14095;-8.615317
112686789;41.14125;-8.610816
112686793;41.14066;-8.609663
112686794;41.14083;-8.609519
112688566;41.1418;-8.605206
112688570;41.1419;-8.602747
112688573;41.14203;-8.601671
112688575;41.14203;-8.600853
112688576;41.14199;-8.60048
112688578;41.14184;-8.599618
112688580;41.14165;-8.599053
112688582;41.1409;-8.597365
122549700;41.14426;-8.623574
128679581;41.14604;-8.620148
128680158;41.14637;-8.617693
129544876;41.14588;-8.613521
129553665;41.14832;-8.606329
129553667;41.14703;-8.606807
129553875;41.14764;-8.603931
129554083;41.14653;-8.603822
129554561;41.14729;-8.602621
129557542;41.14548;-8.615565
129557601;41.14603;-8.613873
129558556;41.14495;-8.617328
129558976;41.14278;-8.615279
129559333;41.14519;-8.610891
129559334;41.14274;-8.614152
137831873;41.14849;-8.619493
137831876;41.14861;-8.619337
137831881;41.1485;-8.618353
137831884;41.14847;-8.618287
137831888;41.14801;-8.618095
137831894;41.14726;-8.617018
137831895;41.14717;-8.6163
137831896;41.14718;-8.616215
137868887;41.14466;-8.611577
137873037;41.1449;-8.611736
137882131;41.14403;-8.604932
137884299;41.1455;-8.603261
137888646;41.14334;-8.605261
137896681;41.14566;-8.60525
137901873;41.14642;-8.601911
137903870;41.14638;-8.604301
137903872;41.1463;-8.604342
137903874;41.14625;-8.604333
137903876;41.1452;-8.605919
137903879;41.14482;-8.606874
137955522;41.14605;-8.603377
138218138;41.14559;-8.62389
138220017;41.1462;-8.6141
138220019;41.14659;-8.614741
138220134;41.14764;-8.613749
138222054;41.14531;-8.613358
138222057;41.14578;-8.613555
138223440;41.14524;-8.613586
138230330;41.14431;-8.609055
138230332;41.14389;-8.610087
138230334;41.14354;-8.610365
138230335;41.14353;-8.610415
138231423;41.14289;-8.605482
138231424;41.14251;-8.605865
138231425;41.14233;-8.606449
138231426;41.14233;-8.606713
138231427;41.14244;-8.607239
138231433;41.1432;-8.608809
138233064;41.14488;-8.608132
138233991;41.1433;-8.608019
138234001;41.14268;-8.603102
138234198;41.143;-8.608212
138234852;41.14739;-8.608653
138235495;41.14754;-8.609353
138238298;41.14795;-8.599035
138238299;41.14735;-8.599815
138238303;41.14695;-8.600514
285910556;41.14184;-8.61449
285939317;41.14772;-8.620051
285939347;41.14788;-8.619653
285944429;41.14719;-8.615245
285944799;41.14807;-8.618356
285945203;41.14743;-8.620568
286968481;41.14825;-8.609438
286968787;41.14778;-8.608421
286968789;41.14811;-8.609301
286969224;41.14929;-8.611199
286969308;41.14537;-8.61459
286969310;41.14565;-8.613503
286969387;41.14486;-8.613845
286969389;41.14392;-8.615019
286969390;41.14361;-8.615189
286969391;41.14332;-8.615434
286969392;41.14324;-8.615486
286969393;41.14311;-8.615649
286969394;41.14297;-8.615945
286969395;41.14293;-8.616122
286969396;41.14292;-8.616286
286969397;41.14293;-8.616579
286969398;41.14297;-8.616913
286969399;41.14308;-8.61717
286969400;41.14311;-8.617342
286969778;41.14059;-8.61371
286969779;41.14052;-8.614085
286969782;41.14023;-8.615095
286969783;41.14022;-8.615182
286969784;41.14022;-8.615273
286969785;41.14028;-8.615623
286969786;41.14037;-8.615805
286969787;41.14042;-8.616067
286969936;41.14251;-8.615276
286969938;41.14242;-8.61565
286969939;41.14236;-8.615832
286969940;41.14215;-8.616264
286969943;41.14092;-8.617435
286969970;41.14167;-8.616755
286970022;41.14072;-8.615488
286970024;41.14073;-8.616302
286970025;41.1408;-8.616524
286970027;41.14129;-8.617109
314549177;41.14484;-8.616876
343646802;41.14794;-8.618079
345296684;41.14801;-8.615174
475410116;41.14728;-8.60811
475410511;41.14827;-8.608134
475413943;41.14798;-8.606457
475544038;41.14697;-8.613573
475548529;41.1454;-8.615728
475548530;41.1449;-8.615485
475549048;41.14318;-8.61552
475549051;41.14461;-8.615561
475549313;41.14488;-8.615161
475549314;41.1449;-8.61488
475549315;41.14502;-8.614321
475549495;41.14339;-8.615926
475549497;41.14338;-8.616523
475550561;41.14431;-8.614497
475550565;41.14488;-8.61499
475550923;41.14429;-8.615646
475551223;41.14383;-8.617242
475551227;41.14359;-8.615884
475552091;41.14248;-8.616929
475552092;41.14255;-8.617055
475552096;41.14357;-8.617434
475555174;41.14275;-8.615684
475555175;41.14266;-8.616134
475555187;41.14189;-8.616536
475555577;41.14336;-8.618369
475556852;41.14268;-8.61945
475556853;41.14244;-8.618762
475556854;41.14238;-8.618634
475561161;41.14331;-8.618238
475561164;41.14433;-8.617529
475561984;41.14614;-8.618818
475561985;41.14608;-8.618615
475561986;41.14602;-8.618589
475561987;41.14532;-8.618406
475564011;41.14331;-8.620888
475564016;41.14194;-8.619097
475568452;41.14256;-8.620005
475568688;41.14566;-8.62012
475568776;41.14606;-8.619408
475570110;41.14434;-8.621299
475572179;41.14447;-8.621556
475572180;41.14421;-8.620952
475573498;41.14306;-8.619815
475573790;41.14396;-8.620119
475574663;41.14346;-8.621082
475708335;41.14484;-8.623484
475724497;41.14032;-8.613696
475725586;41.14059;-8.611434
475725587;41.14064;-8.611057
475725589;41.14072;-8.610586
475725591;41.14079;-8.610147
475737524;41.14447;-8.61426
475737526;41.14437;-8.614068
475737527;41.14427;-8.613865
475737529;41.1442;-8.613737
475737531;41.144;-8.613537
475796332;41.14544;-8.614285
475796338;41.14505;-8.614225
475873985;41.14325;-8.61145
475875745;41.14302;-8.610757
475875746;41.14272;-8.610543
475875752;41.14178;-8.61128
475876236;41.14448;-8.611179
475876237;41.14445;-8.611439
475876238;41.1444;-8.611671
475876239;41.14432;-8.61182
475876242;41.14425;-8.611885
475876246;41.14346;-8.611956
475877747;41.14416;-8.611878
476009975;41.14269;-8.613684
476009976;41.14052;-8.611937
476010141;41.14156;-8.613044
476018885;41.14138;-8.611681
476019077;41.14244;-8.612138
668955253;41.14645;-8.604136
674753639;41.14377;-8.622044
1106006327;41.15027;-8.612099
1107381197;41.14281;-8.619873
1107381201;41.1446;-8.621814
1110673598;41.14753;-8.621332
1112148216;41.14339;-8.618486
1142605196;41.14025;-8.602419
1142607113;41.14014;-8.603301
1142607770;41.14037;-8.601829
1142608335;41.14023;-8.603692
1143317277;41.14174;-8.611433
1143317472;41.14339;-8.61037
1143318409;41.14192;-8.611904
1143318426;41.14359;-8.610908
1143318547;41.1433;-8.61126
1209593455;41.14771;-8.62046
1209593469;41.14767;-8.620367
1209593474;41.1475;-8.62031
1234709025;41.14718;-8.61742
1234709031;41.14673;-8.617576
1274830098;41.14096;-8.608916
1274830100;41.1422;-8.607342
1274830123;41.14287;-8.608265
1274830124;41.14239;-8.608443
1277364250;41.14725;-8.609509
1277590623;41.14063;-8.613535
1277590625;41.1406;-8.611377
1277601207;41.14089;-8.610014
1278184346;41.14914;-8.609488
1279779527;41.14095;-8.616657
1279795688;41.14251;-8.616706
1279795690;41.14302;-8.615801
1279795709;41.14277;-8.615468
1296455172;41.14097;-8.617385
1296455237;41.14225;-8.619781
1386051842;41.14826;-8.614397
1386051849;41.14803;-8.612287
1386051850;41.14795;-8.613166
1386051854;41.14828;-8.613128
1386063691;41.14771;-8.620144
1386063694;41.14756;-8.62015
1386063696;41.14743;-8.620359
1386063700;41.14791;-8.619776
1386063701;41.14804;-8.618814
1386063702;41.1475;-8.620217
1386063708;41.1477;-8.620008
1386063710;41.14784;-8.6196
1386063711;41.14792;-8.619706
1386063713;41.14779;-8.619824
1387283705;41.14754;-8.616085
1390263661;41.1446;-8.609486
1390263684;41.14503;-8.608747
1390263696;41.14519;-8.610668
1390263738;41.14569;-8.608249
1390263750;41.14588;-8.608856
1390263755;41.1459;-8.610046
1390263758;41.14596;-8.60913
1465936263;41.14476;-8.621725
1465936264;41.14484;-8.621702
1465936265;41.14491;-8.621714
1465936266;41.145;-8.621641
1465936267;41.1451;-8.621555
1465936268;41.14515;-8.62148
1465936269;41.14521;-8.621327
1465936270;41.14536;-8.620907
1465936272;41.1455;-8.62049
1465936274;41.1456;-8.620239
1548165654;41.14321;-8.609133
1548165659;41.14284;-8.609348
1548165842;41.14176;-8.603989
1548165850;41.14262;-8.603105
1548165853;41.1425;-8.603439
1548165856;41.14255;-8.603741
1548165860;41.14252;-8.603993
1554874570;41.14417;-8.607449
1554874616;41.14491;-8.607056
1554886128;41.14679;-8.620244
1554886135;41.1463;-8.620134
1554886148;41.14799;-8.618558
1554886156;41.14623;-8.620119
1554886157;41.14806;-8.618318
1554886165;41.14654;-8.620189
1554886169;41.14691;-8.62028
1554886175;41.14718;-8.617887
1554886190;41.14703;-8.620333
1556436651;41.14606;-8.607059
1594804691;41.14322;-8.602497
1594849179;41.14235;-8.606931
1670512103;41.14336;-8.607807
1676191729;41.14424;-8.616745
1684843635;41.14318;-8.608716
1684844050;41.14594;-8.613627
1684844083;41.14602;-8.613555
1684844117;41.14613;-8.618711
1684844136;41.14626;-8.610284
1684844412;41.14716;-8.615187
1684844417;41.14719;-8.61506
1684844424;41.14721;-8.616119
1684844430;41.14723;-8.615335
1684844433;41.14725;-8.614955
1684844436;41.14768;-8.614617
1684844451;41.14783;-8.620055
1684844453;41.14787;-8.614506
1684844554;41.14846;-8.609574
1684865532;41.14464;-8.622527
1684865534;41.14606;-8.620154
1684865535;41.14611;-8.620169
1684865541;41.14727;-8.62045
1684865542;41.14736;-8.620643
1684865543;41.14734;-8.620405
1684889097;41.14357;-8.61985
1684889100;41.14368;-8.61981
1684889107;41.14458;-8.608542
1693766970;41.14863;-8.619265
1693766987;41.14857;-8.619416
1693766989;41.14863;-8.619193
1771990365;41.14083;-8.609718
1788784881;41.14201;-8.619275
1788784885;41.14222;-8.619823
1788784895;41.14231;-8.619725
1788784916;41.14253;-8.603223
1788784918;41.14264;-8.620213
1788784923;41.14276;-8.620276
1788784961;41.14454;-8.617477
1788784962;41.14457;-8.617612
1788784963;41.1446;-8.617819
1788784965;41.14458;-8.617381
1788784968;41.14465;-8.617995
1788784977;41.14482;-8.617176
1788784981;41.14481;-8.616978
1788785116;41.14611;-8.604054
1788785120;41.14613;-8.604153
1788785130;41.14615;-8.604244
1788785269;41.1468;-8.600773
1788785406;41.1473;-8.608094
1788785577;41.14816;-8.598805
1827037244;41.14395;-8.622534
1827037245;41.14414;-8.623159
1838975580;41.14296;-8.602116
1874214575;41.1475;-8.621489
1881170115;41.14308;-8.607233
1881170117;41.14318;-8.607534
1881170119;41.14295;-8.606901
1881170124;41.14305;-8.607186
2006399741;41.14642;-8.604248
2076734382;41.14418;-8.609395
2077034851;41.14798;-8.61489
2077034852;41.14813;-8.615677
2080756633;41.14115;-8.614278
2086432785;41.1472;-8.616463
2086432786;41.14693;-8.617507
2086439487;41.14729;-8.616945
2086439488;41.14729;-8.616981
2086439489;41.14728;-8.615322
2086439968;41.14568;-8.615064
2086439969;41.14594;-8.614253
2086439970;41.14593;-8.614594
2086439971;41.14573;-8.615046
2086439972;41.14595;-8.614529
2086439973;41.146;-8.614555
2086439974;41.14588;-8.614614
2086440300;41.146;-8.614157
2086440302;41.14615;-8.614105
2086440304;41.14595;-8.614218
2086440306;41.14603;-8.614132
2086440308;41.14606;-8.614118
2107054816;41.14775;-8.610278
2135998880;41.14339;-8.607957
2202026075;41.14611;-8.603315
2202026076;41.14612;-8.603595
2202026077;41.14612;-8.60363
2202026080;41.14614;-8.603068
2202026083;41.14614;-8.603558
2202026084;41.14616;-8.604049
2202026085;41.14614;-8.604196
2202026086;41.14614;-8.602969
2202026095;41.14625;-8.60354
2202026123;41.14694;-8.606501
2202026124;41.14704;-8.606872
2202026125;41.14713;-8.62254
2202026126;41.14719;-8.622386
2202026133;41.14742;-8.622365
2202026135;41.14747;-8.622245
2202026143;41.14764;-8.622155
2204099858;41.14606;-8.610917
2204099885;41.14825;-8.609408
2204099942;41.14674;-8.609497
2204099947;41.14817;-8.608196
2204099951;41.14671;-8.609581
2204099999;41.14679;-8.609075
2204100011;41.14608;-8.610606
2204100028;41.14874;-8.609427
2204179799;41.14425;-8.60919
2204179817;41.14697;-8.608144
2204179820;41.14688;-8.608201
2204179952;41.14431;-8.607886
2204179954;41.14431;-8.608227
2204179963;41.14693;-8.608131
2204179990;41.14426;-8.609035
2204210203;41.1449;-8.609514
2204210205;41.144;-8.609907
2204210207;41.14337;-8.6087
2204210208;41.14276;-8.609112
2204210263;41.1429;-8.609509
2204210266;41.1421;-8.609725
2204210273;41.14285;-8.609671
2204210283;41.14345;-8.608629
2204210316;41.14429;-8.607773
2204255037;41.14185;-8.608016
2204255049;41.14034;-8.613467
2204255056;41.14192;-8.607815
2204255125;41.14174;-8.608399
2204255126;41.14207;-8.607507
2204347232;41.14062;-8.613407
2204347279;41.14025;-8.61342
2204347316;41.14042;-8.611881
2204347361;41.14037;-8.612338
2204446849;41.14167;-8.611805
2204446861;41.14276;-8.6136
2204446866;41.14306;-8.613194
2204446881;41.1435;-8.611149
2204446886;41.14475;-8.611013
2204446890;41.14203;-8.610907
2204446899;41.14114;-8.610435
2204446901;41.1434;-8.611162
2204446907;41.14309;-8.613141
2204446908;41.14188;-8.611081
2204446913;41.14244;-8.610607
2204446914;41.14121;-8.610612
2204446917;41.14334;-8.610878
2204446921;41.1432;-8.612597
2204446937;41.14282;-8.613501
2204446938;41.14482;-8.610978
2204446939;41.14271;-8.613959
2204446942;41.14394;-8.611369
2204446945;41.14182;-8.611186
2204446946;41.14331;-8.611177
2204446947;41.14335;-8.612165
2204446951;41.14377;-8.611349
2204446953;41.143;-8.613277
2204446955;41.14222;-8.610707
2204446961;41.14265;-8.610531
2204446966;41.14364;-8.611306
2204446974;41.14288;-8.613438
2204446977;41.14318;-8.612818
2204446981;41.14316;-8.612975
2204446983;41.1431;-8.613103
2204446988;41.14104;-8.610283
2204446999;41.14212;-8.610789
2204447000;41.14326;-8.612348
2204447002;41.14324;-8.612422
2204447004;41.14167;-8.611779
2204447005;41.14354;-8.611245
2205076660;41.14299;-8.611997
2205076669;41.14315;-8.611717
2205076670;41.1429;-8.61214
2205076678;41.14333;-8.611107
2205076695;41.14306;-8.611815
2205076702;41.14333;-8.610951
2205504355;41.14303;-8.610808
2205504451;41.14307;-8.611116
2205627342;41.14274;-8.611876
2205918283;41.14132;-8.611324
2205918409;41.14247;-8.613203
2205918468;41.14277;-8.613461
2205918495;41.14251;-8.613241
2205918506;41.14136;-8.611552
2205918681;41.14267;-8.613387
2205918807;41.14255;-8.613278
2205918851;41.14263;-8.613336
2205918899;41.14444;-8.611538
2206194705;41.14235;-8.61305
2206208144;41.14428;-8.611216
2206208148;41.144;-8.611389
2206233230;41.14375;-8.610482
2206233667;41.14316;-8.610301
2206337046;41.14043;-8.612638
2206349297;41.14157;-8.612869
2206393141;41.14035;-8.613364
2206428157;41.14028;-8.614126
2206451082;41.14025;-8.615004
2206451084;41.14027;-8.614892
2206451106;41.14032;-8.614767
2206516819;41.14024;-8.615494
2206589844;41.14121;-8.614513
2207399542;41.14165;-8.614697
2207402779;41.14082;-8.615197
2207418923;41.14108;-8.61459
2207418929;41.14111;-8.614564
2207418932;41.14102;-8.614639
2207582729;41.14116;-8.616907
2207615946;41.14082;-8.615991
2207615957;41.14076;-8.616023
2207615982;41.14129;-8.615393
2207616003;41.14075;-8.615965
2207616025;41.14096;-8.616108
2207616076;41.14089;-8.616222
2207616097;41.14086;-8.615989
2207616102;41.14111;-8.615393
2207661589;41.14326;-8.610242
2207661590;41.14328;-8.610312
2207661591;41.14326;-8.610276
2208159169;41.14498;-8.611144
2208476303;41.1447;-8.606914
2208650606;41.1459;-8.609987
2208650607;41.14598;-8.609319
2208686190;41.1461;-8.610248
2208686199;41.1461;-8.610209
2208686206;41.14611;-8.610288
2208686217;41.14606;-8.610625
2208686218;41.14592;-8.610765
2208686220;41.14598;-8.61085
2208891025;41.14609;-8.607063
2208891030;41.14553;-8.60741
2208891038;41.14595;-8.607054
2208891039;41.14591;-8.607066
2208891042;41.14599;-8.607049
2208891049;41.14539;-8.607386
2208891057;41.14602;-8.607051
2208891059;41.14615;-8.607109
2208891061;41.14471;-8.607095
2208891067;41.14588;-8.607092
2208891083;41.14544;-8.607414
2208891126;41.14564;-8.607332
2208891134;41.14476;-8.607024
2208891144;41.14569;-8.607266
2208891162;41.14558;-8.607384
2208891172;41.14474;-8.606995
2208891198;41.14549;-8.607421
2208969603;41.14508;-8.611856
2209225419;41.14597;-8.612441
2209225425;41.1456;-8.612236
2209225431;41.14568;-8.612243
2209225441;41.14574;-8.612245
2209225443;41.14536;-8.612034
2209225447;41.146;-8.612137
2209932686;41.1418;-8.615276
2209960614;41.14337;-8.614626
2211241776;41.14276;-8.614246
2211241852;41.14284;-8.614625
2211264990;41.14277;-8.614214
2211264991;41.14272;-8.614183
2211264995;41.14278;-8.614176
2211264997;41.14275;-8.614223
2211264998;41.14268;-8.614174
2211264999;41.14283;-8.614071
2211265001;41.1428;-8.614138
2211286023;41.14033;-8.61469
2211286029;41.14025;-8.614424
2211286035;41.14036;-8.614628
2211286046;41.14025;-8.614397
2211286064;41.14034;-8.614657
2211299272;41.14061;-8.613255
2211299275;41.14061;-8.613109
2211312942;41.14042;-8.613073
2211312946;41.14039;-8.613111
2211312949;41.1404;-8.613099
2211312952;41.14041;-8.613091
2211312953;41.14039;-8.613123
2211312954;41.14039;-8.612997
2211312955;41.14041;-8.61306
2211312956;41.14041;-8.613052
2211312960;41.1404;-8.613041
2211312962;41.1404;-8.613026
2211312968;41.14037;-8.613141
2211312977;41.14042;-8.613084
2211312982;41.14042;-8.613068
2211312992;41.14043;-8.613082
2211383251;41.14331;-8.615952
2211383286;41.14326;-8.615808
2213037941;41.14117;-8.617213
2213099864;41.142;-8.616972
2213112078;41.14202;-8.616959
2213112085;41.14244;-8.617222
2213112099;41.14159;-8.61725
2213112107;41.14172;-8.617147
2213112121;41.14245;-8.617519
2213112135;41.14246;-8.617074
2213131426;41.1422;-8.617773
2213131428;41.14239;-8.617629
2213131437;41.14243;-8.617572
2213131459;41.14222;-8.617566
2213131471;41.14223;-8.617732
2213131472;41.1422;-8.617551
2213131476;41.14241;-8.617606
2213131477;41.14243;-8.617579
2213131478;41.14245;-8.617556
2213131480;41.14222;-8.617574
2213131481;41.14214;-8.618017
2213131483;41.14214;-8.617974
2213131485;41.14227;-8.617645
2213131488;41.14224;-8.617686
2213131492;41.14222;-8.617758
2213131498;41.14221;-8.617586
2213131500;41.14222;-8.617754
2213131503;41.14225;-8.617675
2213131506;41.14215;-8.617949
2213131516;41.14223;-8.617579
2213131518;41.1422;-8.617787
2213131520;41.14215;-8.618104
2213131522;41.14221;-8.617762
2213131527;41.14224;-8.617699
2213131541;41.14223;-8.617747
2213131556;41.14222;-8.61761
2213131558;41.14229;-8.617645
2213131560;41.14214;-8.617997
2213131562;41.14232;-8.617643
2213131564;41.14236;-8.61764
2213131568;41.14224;-8.617628
2213131570;41.14219;-8.617537
2213131573;41.14223;-8.617716
2213131581;41.14226;-8.61766
2213131594;41.14218;-8.617507
2213131596;41.14217;-8.617483
2213131611;41.14243;-8.617573
2213131616;41.14225;-8.617639
2213201783;41.14329;-8.618496
2213201784;41.14273;-8.618524
2213201785;41.14264;-8.618435
2213201786;41.1429;-8.618742
2213201787;41.14245;-8.618245
2213201788;41.14257;-8.618381
2213201789;41.14295;-8.618743
2213201790;41.14276;-8.618569
2213201792;41.14236;-8.618142
2213201795;41.14292;-8.618752
2213218013;41.1427;-8.617352
2213218016;41.14316;-8.618349
2213218020;41.14342;-8.618211
2213218025;41.14268;-8.617333
2213218028;41.14272;-8.617361
2213218035;41.14318;-8.618344
2213321384;41.14319;-8.617704
2213321403;41.14318;-8.617718
2213321409;41.14313;-8.617461
2213321419;41.14301;-8.617437
2213321420;41.14324;-8.617432
2213321423;41.14352;-8.617392
2213321426;41.14312;-8.617461
2213321429;41.14299;-8.617447
2213321439;41.14345;-8.617438
2213321440;41.14309;-8.617597
2213321442;41.14317;-8.617759
2213321443;41.1434;-8.617391
2213321446;41.14299;-8.617483
2213321447;41.14299;-8.617464
2213321452;41.14344;-8.617418
2213321455;41.14349;-8.617498
2213321456;41.14342;-8.617393
2213321459;41.14341;-8.617389
2213321463;41.14317;-8.617778
2213321473;41.14312;-8.617655
2213321475;41.14314;-8.617665
2213321482;41.14307;-8.617574
2213321484;41.14311;-8.617458
2213321487;41.14317;-8.617745
2213321488;41.14301;-8.617501
2213321490;41.14316;-8.617664
2213321491;41.14317;-8.617731
2213321493;41.14315;-8.617668
2213321495;41.14302;-8.617434
2213321498;41.14311;-8.61764
2213321500;41.14344;-8.617469
2213321502;41.14344;-8.617403
2213321507;41.14392;-8.617811
2213321512;41.14345;-8.617453
2213321514;41.14343;-8.617481
2213334712;41.14339;-8.61822
2213334713;41.1434;-8.61822
2213334714;41.14337;-8.618217
2213334720;41.14334;-8.618204
2213334721;41.14333;-8.618196
2213334724;41.14329;-8.618168
2213334725;41.14335;-8.61821
2213380771;41.14441;-8.616511
2213380797;41.14448;-8.616479
2213380800;41.14444;-8.616489
2213380807;41.14442;-8.616501
2213380816;41.1445;-8.616474
2213380818;41.14452;-8.616474
2213435120;41.14478;-8.616757
2213435124;41.14487;-8.616754
2213435143;41.14453;-8.616479
2213435167;41.14484;-8.616763
2213435177;41.14482;-8.616768
2213435196;41.14479;-8.616768
2213447626;41.14491;-8.616733
2213482379;41.14524;-8.61557
2213482387;41.14536;-8.615581
2213482393;41.14503;-8.61545
2213482396;41.14542;-8.615634
2213482407;41.1452;-8.615556
2213482408;41.14514;-8.615383
2213482412;41.14544;-8.615584
2213482415;41.14514;-8.615355
2213482419;41.1454;-8.615584
2213482420;41.14511;-8.615387
2213482432;41.14515;-8.615455
2213482433;41.14513;-8.615371
2213482440;41.14517;-8.615497
2213482442;41.14497;-8.615473
2213482447;41.14506;-8.615431
2213482457;41.14515;-8.615412
2213482461;41.14518;-8.615525
2213482466;41.1451;-8.615404
2213482478;41.1454;-8.615605
2213495280;41.14491;-8.615433
2213495295;41.14492;-8.615446
2213495315;41.14494;-8.615461
2213495375;41.1449;-8.615412
2213587966;41.14602;-8.613773
2213587968;41.14603;-8.61383
2214522449;41.14496;-8.616641
2214758550;41.14581;-8.613545
2214758555;41.14555;-8.615399
2214758559;41.14588;-8.61338
2214936721;41.14244;-8.607804
2216241578;41.14262;-8.607584
2216241588;41.14244;-8.606028
2216334119;41.14263;-8.604208
2216334178;41.14236;-8.604601
2216360287;41.1428;-8.60228
2216360288;41.14316;-8.602437
2216360290;41.14289;-8.602254
2216360291;41.14268;-8.604607
2216360296;41.14282;-8.604872
2216360315;41.14279;-8.60437
2216360342;41.14276;-8.602406
2216360346;41.14285;-8.602252
2216360348;41.1431;-8.602376
2216360352;41.14305;-8.602334
2216360356;41.14297;-8.602283
2216360357;41.14277;-8.602333
2216360362;41.14277;-8.604105
2216364186;41.14275;-8.605572
2216386471;41.14136;-8.60713
2216473539;41.14326;-8.607854
2217013297;41.14336;-8.607837
2217013304;41.14335;-8.607856
2217013324;41.14331;-8.607876
2217013344;41.14333;-8.607869
2217013347;41.14328;-8.607868
2217013378;41.1433;-8.607875
2217981203;41.14214;-8.618042
2217981208;41.14243;-8.617593
2218334752;41.14337;-8.60535
2218334757;41.14368;-8.606997
2218334760;41.14373;-8.606996
2218334761;41.14367;-8.606977
2218334762;41.1439;-8.607112
2218334767;41.14346;-8.605836
2218334768;41.14349;-8.605803
2218334780;41.14344;-8.605845
2218334781;41.14343;-8.605857
2218334784;41.14385;-8.607143
2218334786;41.14343;-8.605873
2218334789;41.14402;-8.607491
2218334791;41.14394;-8.607091
2218334793;41.1437;-8.607001
2218334795;41.14349;-8.605775
2218334797;41.14397;-8.607523
2218334798;41.14381;-8.607173
2218334800;41.14407;-8.607461
2218334801;41.14392;-8.606893
2218334802;41.14348;-8.605821
2218389428;41.14363;-8.605124
2218389456;41.1438;-8.60576
2218430225;41.14375;-8.607191
2218430227;41.14375;-8.607162
2218430228;41.14381;-8.607095
2218430231;41.14375;-8.607125
2218430233;41.14396;-8.606932
2218430235;41.14389;-8.607082
2218430236;41.1439;-8.607043
2218430241;41.14397;-8.606956
2218430243;41.14394;-8.607065
2218430244;41.14376;-8.607121
2218430245;41.14385;-8.607116
2218430248;41.1437;-8.607234
2218430249;41.14396;-8.607005
2218430250;41.14396;-8.606976
2218430251;41.14394;-8.607019
2218430253;41.1438;-8.607139
2218430254;41.14398;-8.60706
2218430257;41.1437;-8.607203
2218430259;41.14373;-8.607144
2218430260;41.14371;-8.607168
2218430261;41.14385;-8.607069
2218430262;41.14393;-8.606893
2218508149;41.14347;-8.603526
2218529667;41.14317;-8.602232
2218529668;41.14322;-8.60216
2218529670;41.14318;-8.602358
2218529671;41.1431;-8.602244
2218529674;41.14317;-8.602265
2218529677;41.1432;-8.602181
2218529685;41.14303;-8.602154
2218529687;41.14331;-8.602135
2218529690;41.14328;-8.60212
2218529692;41.14324;-8.602136
2218529700;41.14318;-8.602205
2218529707;41.14312;-8.602291
2218529709;41.14317;-8.602304
2222190442;41.14417;-8.604095
2222190625;41.14454;-8.602765
2222190669;41.14412;-8.604238
2222190802;41.14413;-8.604193
2222190811;41.14386;-8.604389
2222393782;41.14527;-8.604384
2222393784;41.14523;-8.604399
2222393786;41.1453;-8.604362
2243071720;41.14611;-8.607083
2243316041;41.14677;-8.607944
2243316074;41.14673;-8.607773
2243316090;41.14685;-8.608046
2243746971;41.14689;-8.608946
2243746973;41.14679;-8.609035
2243746975;41.14681;-8.609007
2245353947;41.14703;-8.609588
2245520803;41.14667;-8.611166
2245520806;41.14605;-8.611462
2245520808;41.14622;-8.611272
2245520814;41.1467;-8.611506
2245520831;41.14677;-8.611229
2245520840;41.14676;-8.611455
2245520859;41.1468;-8.611346
2245520867;41.14679;-8.611406
2245520886;41.1468;-8.611283
2245520901;41.14626;-8.611587
2245520905;41.14674;-8.611191
2245520913;41.14604;-8.611684
2245786927;41.14703;-8.611093
2245786929;41.14697;-8.611155
2245786936;41.14695;-8.611368
2245786939;41.14699;-8.611405
2245786941;41.14707;-8.611439
2245786942;41.14901;-8.610543
2245786950;41.14693;-8.611317
2245786951;41.14829;-8.610806
2245786953;41.1491;-8.611189
2245786960;41.14693;-8.611258
2245786961;41.14694;-8.6112
2245786974;41.14837;-8.611218
2246033646;41.14719;-8.612215
2246054719;41.14818;-8.612148
2246086928;41.14825;-8.61215
2246172378;41.14591;-8.614459
2246172379;41.14592;-8.614513
2246172380;41.14592;-8.614489
2246222517;41.14762;-8.61382
2246222523;41.14763;-8.613801
2246222534;41.1476;-8.613845
2246222537;41.14758;-8.613853
2246222541;41.14761;-8.613832
2246222543;41.14756;-8.61386
2246222545;41.14763;-8.61378
2246222547;41.1477;-8.61408
2246222549;41.14771;-8.614046
2246222551;41.14769;-8.614096
2246222552;41.14768;-8.614107
2246296603;41.14685;-8.615138
2246296607;41.14697;-8.61521
2246296620;41.14672;-8.614961
2246296624;41.14676;-8.614995
2247054907;41.14714;-8.615183
2247054908;41.14676;-8.615135
2247054911;41.14558;-8.615387
2247054916;41.14676;-8.615108
2247054917;41.14676;-8.615161
2247054918;41.14665;-8.615277
2247054920;41.14674;-8.615212
2247054921;41.14672;-8.615232
2247054926;41.14564;-8.61549
2247054927;41.14673;-8.615008
2247054928;41.14558;-8.615355
2247054929;41.14558;-8.615316
2247054930;41.14551;-8.615548
2247054932;41.1471;-8.615174
2247054933;41.14561;-8.615467
2247054934;41.14556;-8.615521
2247054935;41.14565;-8.615497
2247054936;41.14675;-8.615045
2247054939;41.14676;-8.615079
2247054940;41.14687;-8.615168
2247054943;41.14553;-8.615532
2247054947;41.14559;-8.615417
2247054948;41.14675;-8.61519
2247054949;41.1456;-8.615444
2247157718;41.14532;-8.616144
2247157848;41.14535;-8.616174
2247240229;41.1472;-8.617404
2247240235;41.14723;-8.61734
2247240242;41.14721;-8.617393
2247240246;41.14722;-8.617375
2247371499;41.14721;-8.615279
2247371502;41.14725;-8.616036
2247371503;41.14729;-8.615903
2247371507;41.14722;-8.614995
2247371573;41.14721;-8.616976
2247375536;41.14721;-8.617448
2247375538;41.14725;-8.617196
2247375543;41.14719;-8.617423
2247375545;41.14729;-8.615952
2247375546;41.14744;-8.616092
2247375554;41.14721;-8.617432
2247375555;41.14724;-8.616146
2247375557;41.14715;-8.616407
2247375558;41.14732;-8.616108
2247375562;41.14731;-8.615972
2247375564;41.14722;-8.617481
2247375568;41.14734;-8.616022
2247375569;41.14739;-8.616066
2247375571;41.14739;-8.616096
2247390916;41.14451;-8.617435
2247390923;41.14491;-8.617295
2247390925;41.14486;-8.617241
2247390934;41.14499;-8.61735
2247390939;41.14481;-8.617085
2250794612;41.14624;-8.619699
2250794617;41.14703;-8.620217
2250794620;41.14612;-8.619552
2250794621;41.14722;-8.62042
2250794623;41.14644;-8.619884
2250794624;41.14635;-8.619833
2250794625;41.14683;-8.61999
2250794626;41.14673;-8.619961
2255075997;41.14473;-8.618309
2255087244;41.14466;-8.617959
2255087247;41.14471;-8.61828
2255087253;41.14467;-8.618026
2255087256;41.1447;-8.618247
2255087258;41.14465;-8.617816
2255178474;41.14409;-8.618299
2255178490;41.14392;-8.618296
2255178502;41.14467;-8.618308
2255178513;41.14374;-8.618315
2255178516;41.14513;-8.61834
2255178518;41.14357;-8.618342
2255178527;41.14347;-8.618361
2255178540;41.14336;-8.618371
2255280881;41.14337;-8.61841
2255280883;41.14335;-8.618449
2255364501;41.14439;-8.618844
2255364514;41.14386;-8.618629
2255425784;41.14363;-8.618548
2256038389;41.14175;-8.618843
2256065290;41.14226;-8.61956
2256129227;41.14292;-8.620025
2256129231;41.14285;-8.619909
2256129232;41.1429;-8.620057
2256129233;41.14291;-8.620015
2256129236;41.14316;-8.619856
2256129238;41.14299;-8.619933
2256129239;41.14297;-8.619946
2256129240;41.14331;-8.6199
2256129242;41.14291;-8.619997
2256129244;41.14291;-8.619979
2256129245;41.14279;-8.620234
2256129246;41.14339;-8.619889
2256214785;41.14276;-8.611769
2256214788;41.14277;-8.611753
2256214792;41.143;-8.611478
2256214795;41.14286;-8.611719
2256214798;41.14287;-8.611706
2256214804;41.14304;-8.61132
2256214807;41.14278;-8.611732
2256214811;41.1428;-8.61173
2256214818;41.14291;-8.611629
2256214820;41.14277;-8.61174
2256214824;41.14288;-8.611687
2256217207;41.14201;-8.611959
2256217208;41.14248;-8.612206
2256217209;41.14265;-8.612283
2256240194;41.14126;-8.618399
2256258943;41.14244;-8.620283
2256269812;41.14085;-8.61517
2256269823;41.14105;-8.615163
2256269855;41.14089;-8.615163
2257492183;41.14412;-8.620141
2257662640;41.14395;-8.61977
2257727226;41.14363;-8.621377
2257727247;41.14436;-8.621328
2258215879;41.14624;-8.618222
2258300905;41.14362;-8.621691
2258300906;41.144;-8.622081
2258300907;41.14396;-8.622494
2258300908;41.14395;-8.622508
2258300909;41.14396;-8.622479
2258300910;41.14407;-8.622415
2258300911;41.14364;-8.621703
2258300912;41.14375;-8.621685
2258300913;41.14368;-8.621705
2258300914;41.14383;-8.621676
2258300915;41.14366;-8.621707
2258300916;41.14397;-8.62247
2258300917;41.14409;-8.622342
2258300918;41.14385;-8.621685
2258300919;41.14367;-8.621709
2258300920;41.14408;-8.622399
2258300921;41.14408;-8.622376
2258300922;41.14409;-8.622365
2258300923;41.14386;-8.621701
2262128243;41.14077;-8.615316
2268201064;41.14421;-8.620857
2269310648;41.14509;-8.621653
2269315819;41.14445;-8.621994
2269315820;41.14481;-8.623258
2269315821;41.14476;-8.623027
2269315822;41.14471;-8.622787
2269315823;41.14453;-8.621904
2269315824;41.14445;-8.62202
2269315825;41.14444;-8.622055
2269315826;41.14445;-8.622086
2270441288;41.14423;-8.611402
2270441289;41.14424;-8.611389
2270441290;41.14426;-8.611227
2270441291;41.14422;-8.611408
2270441292;41.14408;-8.611419
2270441293;41.14426;-8.611256
2273202419;41.14736;-8.620187
2273202420;41.14741;-8.620199
2273202425;41.14744;-8.620194
2273202426;41.14734;-8.620161
2273202427;41.14747;-8.620179
2273202433;41.14732;-8.62002
2273202446;41.14733;-8.620138
2273202452;41.14731;-8.620065
2273202455;41.14732;-8.620101
2273202458;41.14738;-8.620197
2273202463;41.14764;-8.620025
2273206167;41.14618;-8.619657
2273206514;41.14758;-8.620008
2273209201;41.14644;-8.61993
2273209203;41.1464;-8.619899
2273209206;41.14655;-8.62007
2273209208;41.14638;-8.619863
2273209210;41.14653;-8.620061
2273209212;41.14688;-8.620147
2273209214;41.1465;-8.620036
2273209217;41.14648;-8.619998
2273209218;41.14649;-8.620023
2273209220;41.14639;-8.619877
2273209223;41.14647;-8.619972
2273209225;41.14646;-8.619952
2273210999;41.14621;-8.619904
2273211004;41.14625;-8.619914
2273227498;41.14693;-8.620031
2273227499;41.14692;-8.620174
2273227500;41.14697;-8.620224
2273227501;41.14696;-8.620253
2273227502;41.14692;-8.620123
2273228333;41.1464;-8.619781
2273228336;41.14659;-8.619923
2273228341;41.14648;-8.619707
2273228346;41.14666;-8.619879
2273228347;41.14669;-8.619909
2273228348;41.14652;-8.61982
2273228349;41.14656;-8.619831
2273228352;41.14668;-8.619894
2273228359;41.1467;-8.61992
2273231523;41.14627;-8.619692
2273234698;41.14627;-8.619567
2273234699;41.14642;-8.619349
2273234702;41.14631;-8.619303
2273234704;41.14641;-8.619402
2273234711;41.14629;-8.61937
2273234716;41.1463;-8.619441
2273234717;41.14635;-8.619448
2273234718;41.14625;-8.619578
2273234723;41.14634;-8.61927
2273234725;41.14635;-8.619268
2273234727;41.14619;-8.619574
2273234729;41.14634;-8.619463
2273234730;41.14632;-8.619466
2273234741;41.14637;-8.619275
2273234742;41.14632;-8.619283
2273234743;41.14629;-8.619411
2273234747;41.14638;-8.619435
2273234748;41.1464;-8.619305
2273234750;41.14642;-8.619325
2273234753;41.14639;-8.619286
2273234759;41.14642;-8.619375
2273234763;41.1463;-8.619335
2273234770;41.1463;-8.619547
2273234772;41.1464;-8.619421
2273234774;41.14622;-8.61958
2273234775;41.14631;-8.619517
2273244630;41.14644;-8.619744
2273244631;41.14669;-8.619603
2273244632;41.14646;-8.619427
2273244634;41.14636;-8.61975
2273244635;41.14665;-8.61961
2273244636;41.14653;-8.619528
2273244637;41.14655;-8.619656
2273244640;41.14655;-8.619676
2273244643;41.14648;-8.619731
2273244645;41.14673;-8.619594
2273244647;41.14648;-8.619444
2273244650;41.14657;-8.619587
2273244651;41.14662;-8.61961
2273244652;41.14641;-8.619749
2273244653;41.1465;-8.619466
2273244655;41.1466;-8.619605
2273244656;41.14653;-8.619663
2273244657;41.14654;-8.619551
2273244658;41.14652;-8.619691
2273244660;41.14644;-8.619417
2273244661;41.14654;-8.619626
2273244662;41.14655;-8.619574
2273244663;41.14655;-8.619583
2273244664;41.1465;-8.619715
2273244665;41.14642;-8.619414
2273244669;41.1467;-8.619716
2273244671;41.14658;-8.619689
2273269588;41.1471;-8.619
2273269591;41.14716;-8.618539
2273269592;41.14741;-8.618957
2273269593;41.14757;-8.619163
2273269594;41.14762;-8.619234
2273269595;41.14666;-8.618452
2273269596;41.14725;-8.618995
2273269597;41.14737;-8.618961
2273269598;41.14671;-8.61876
2273269600;41.1474;-8.618956
2273269601;41.14743;-8.618973
2273269602;41.14674;-8.618785
2273269603;41.14712;-8.618528
2273269604;41.1469;-8.618874
2273269607;41.14668;-8.618727
2273269608;41.14718;-8.619004
2273269609;41.14664;-8.618649
2273269611;41.14772;-8.619308
2273269612;41.14754;-8.619097
2273269614;41.14784;-8.619335
2273269615;41.14664;-8.618597
2273269616;41.14769;-8.619289
2273269617;41.14668;-8.618431
2273269619;41.14665;-8.618489
2273269621;41.14706;-8.618992
2273269623;41.14671;-8.618421
2273269625;41.14666;-8.618694
2273270799;41.1476;-8.619153
2273270801;41.14759;-8.61864
2273270804;41.14763;-8.618676
2273270806;41.14761;-8.619224
2273270807;41.14761;-8.619083
2273270808;41.14765;-8.618748
2273270809;41.14761;-8.61918
2273270811;41.14765;-8.618714
2273270812;41.14761;-8.619118
2273270813;41.14765;-8.618787
2273270814;41.14761;-8.618655
2273284449;41.14595;-8.620187
2273290986;41.14782;-8.619835
2273290991;41.14789;-8.619852
2273291010;41.14792;-8.61935
2273291018;41.14778;-8.619921
2273292142;41.14611;-8.619638
2273292282;41.14617;-8.619194
2276132334;41.14179;-8.603619
2276132366;41.14195;-8.600062
2293611903;41.14785;-8.60775
2301095515;41.14515;-8.602936
2301095522;41.14543;-8.603104
2301095524;41.14541;-8.603026
2307175467;41.14532;-8.604273
2307191876;41.14541;-8.604677
2307214692;41.14607;-8.603267
2307219736;41.14564;-8.60197
2307219747;41.14564;-8.601949
2307242183;41.14637;-8.60369
2307242186;41.14637;-8.603681
2307242217;41.14637;-8.603519
2307242237;41.14651;-8.603746
2307244299;41.14618;-8.604379
2307244300;41.14618;-8.604278
2307244303;41.14613;-8.603573
2307244307;41.14621;-8.60431
2307249887;41.14634;-8.604328
2308862117;41.14697;-8.602176
2308862124;41.14719;-8.602211
2319991795;41.14519;-8.61076
2319991800;41.14523;-8.610729
2319991804;41.14575;-8.610682
2319996578;41.143;-8.611081
2319996587;41.14301;-8.611103
2319996589;41.14302;-8.611115
2322744381;41.14781;-8.604678
2322744388;41.1474;-8.604781
2322744390;41.14734;-8.604781
2322744393;41.14763;-8.604724
2322744397;41.14722;-8.604867
2322744401;41.14785;-8.604664
2322744404;41.1477;-8.604708
2322744417;41.14775;-8.604694
2325018379;41.14397;-8.607579
2325018381;41.14388;-8.60762
2325018383;41.14392;-8.607605
2325018385;41.14393;-8.607563
2325018388;41.14388;-8.607599
2325018389;41.14382;-8.607677
2325018391;41.14402;-8.607508
2325018393;41.14407;-8.60748
2325018399;41.1441;-8.60749
2325018402;41.14397;-8.607541
2325018404;41.14382;-8.60765
2325018406;41.14412;-8.607447
2325018408;41.14382;-8.60763
2325018412;41.14397;-8.60756
2325018414;41.14392;-8.607588
2325018418;41.14407;-8.607496
2325018420;41.14387;-8.607641
2325018422;41.14406;-8.607516
2325018426;41.14402;-8.607547
2326533922;41.143;-8.620548
2326539818;41.14026;-8.614446
2326539819;41.14025;-8.614437
2326539820;41.14027;-8.614453
2326546548;41.14512;-8.611883
2326546549;41.14518;-8.611715
2335399819;41.14646;-8.604161
2335416031;41.14755;-8.607907
2335432904;41.14741;-8.606658
2335762665;41.14802;-8.609168
2337036559;41.14741;-8.608712
2337036560;41.14747;-8.609181
2337036563;41.14741;-8.608851
2343359235;41.14882;-8.610624
2343359244;41.14861;-8.610702
2352439937;41.13923;-8.609216
2352569132;41.14713;-8.603903
2352569141;41.14711;-8.60387
2352569156;41.14713;-8.603885
2352569158;41.14713;-8.603928
2352571058;41.14731;-8.603947
2352571059;41.14731;-8.603921
2352571061;41.14732;-8.603905
2352571062;41.14734;-8.603892
2352628868;41.14465;-8.608437
2352661451;41.14353;-8.610988
2354158012;41.14687;-8.610964
2354378407;41.1479;-8.611383
2356335529;41.14137;-8.613506
2356335539;41.14143;-8.61354
2356335549;41.14121;-8.614222
2356335559;41.14114;-8.614192
2356335584;41.14143;-8.613495
2356335592;41.14119;-8.614261
2356335602;41.14114;-8.614239
2356335615;41.14139;-8.613471
2356350441;41.14199;-8.614671
2356350443;41.1417;-8.614942
2356350452;41.14174;-8.614911
2356350454;41.14253;-8.614192
2356350457;41.14251;-8.614232
2356350470;41.14252;-8.614059
2356350471;41.1417;-8.614879
2356350474;41.14247;-8.614261
2356350494;41.14254;-8.614096
2356350497;41.14254;-8.614146
2356350501;41.14197;-8.61517
2356350502;41.14249;-8.614017
2356376611;41.14161;-8.614807
2356376617;41.14166;-8.615279
2356376621;41.14161;-8.615017
2356455876;41.1414;-8.615391
2356455880;41.14111;-8.615381
2356465227;41.14161;-8.616319
2356465228;41.14164;-8.615374
2356465234;41.14162;-8.61663
2356503866;41.14172;-8.616266
2356503904;41.14172;-8.61599
2356505216;41.14177;-8.61599
2356505217;41.14146;-8.616324
2356505218;41.14166;-8.616266
2356505219;41.14185;-8.61612
2356505220;41.14136;-8.616636
2356505221;41.14138;-8.616339
2356505222;41.14167;-8.61663
2356505223;41.14135;-8.616354
2356505224;41.14166;-8.616319
2356505225;41.14165;-8.615989
2356536980;41.1426;-8.614077
2356692360;41.14437;-8.611747
2356731134;41.14492;-8.610846
2356731137;41.14501;-8.61092
2375804624;41.14793;-8.604958
2378947603;41.14692;-8.615197
2378947607;41.1469;-8.615189
2379389151;41.14716;-8.615132
2382520644;41.14461;-8.617267
2382520647;41.1448;-8.616916
2382520651;41.14469;-8.617308
2382520652;41.14472;-8.617308
2382520653;41.14487;-8.617334
2382520662;41.14465;-8.617332
2382520663;41.14459;-8.617318
2383270261;41.14796;-8.617332
2383318843;41.14726;-8.617206
2383318847;41.1479;-8.616728
2383318850;41.14729;-8.617219
2383318853;41.14812;-8.617357
2383318855;41.14771;-8.617287
2383318856;41.14783;-8.616668
2383318857;41.14779;-8.6167
2383318858;41.1478;-8.616687
2383318861;41.14776;-8.617296
2383318863;41.14741;-8.617237
2383318867;41.14734;-8.617226
2383318868;41.14812;-8.617476
2383318869;41.14789;-8.616681
2383318871;41.14789;-8.617319
2383318873;41.14781;-8.616673
2383318874;41.14725;-8.617226
2383318877;41.14799;-8.617337
2383318884;41.14724;-8.61724
2383318885;41.14787;-8.616672
2383318889;41.14727;-8.617212
2383318892;41.1476;-8.617267
2383318893;41.1479;-8.616702
2383318899;41.14727;-8.617218
2383318900;41.14799;-8.617465
2383414313;41.14824;-8.615793
2383470259;41.14816;-8.615725
2383470264;41.14796;-8.615994
2383617325;41.14732;-8.615721
2383617349;41.14727;-8.615364
2383617372;41.14725;-8.615328
2383617391;41.14728;-8.615396
2383617407;41.14731;-8.615722
2383626807;41.14729;-8.617015
2383626811;41.14727;-8.617068
2383626819;41.14726;-8.616657
2383626829;41.14725;-8.617105
2399723033;41.14569;-8.610651
2413446263;41.14843;-8.618245
2413446290;41.14839;-8.618223
2413940878;41.14786;-8.619916
2413940881;41.14808;-8.618136
2413940882;41.14774;-8.620076
2413940893;41.14777;-8.620047
2413940894;41.14782;-8.619987
2413950281;41.14852;-8.61843
2414401910;41.14835;-8.619618
2414401915;41.14871;-8.620685
2415701439;41.14767;-8.620319
2415701440;41.14767;-8.620259
2415701442;41.14768;-8.62021
2415701443;41.14769;-8.620416
2415701444;41.14774;-8.620484
2415860179;41.14758;-8.621257
2415901648;41.14831;-8.621102
2466263947;41.14267;-8.612187
2466263948;41.14248;-8.612157
2466269904;41.14302;-8.610777
2466276661;41.14302;-8.61095
2466286885;41.14309;-8.611058
2466286886;41.1431;-8.610981
2466286887;41.14343;-8.61104
2466286889;41.14311;-8.611008
2466286891;41.1431;-8.610953
2466286893;41.14312;-8.611035
2466286900;41.14338;-8.611057
2466286908;41.14347;-8.611026
2466286911;41.14314;-8.611043
2466286912;41.14312;-8.611025
2466286913;41.14317;-8.611053
2466304482;41.14356;-8.611112
2466702734;41.14205;-8.609687
2466702735;41.14164;-8.609732
2466715273;41.14289;-8.609633
2466715276;41.14291;-8.609565
2466715278;41.14288;-8.609652
2466742471;41.14276;-8.609081
2466742472;41.14278;-8.609036
2466943130;41.14291;-8.609606
2466943132;41.14271;-8.608975
2466943669;41.14277;-8.60906
2466949472;41.14306;-8.608327
2466957785;41.14207;-8.609692
2466957786;41.14209;-8.609702
2467211937;41.14233;-8.606024
2467211939;41.1425;-8.607633
2467211943;41.14228;-8.606215
2467211944;41.14241;-8.607462
2467211949;41.14235;-8.605931
2467211956;41.14235;-8.605814
2467211958;41.14253;-8.607658
2467211960;41.14228;-8.60703
2467211962;41.14233;-8.607244
2467211964;41.14284;-8.60819
2467211966;41.14225;-8.606727
2467211972;41.14225;-8.606443
2468364178;41.1417;-8.611827
2468364181;41.14285;-8.610627
2469350601;41.14221;-8.616184
2473711658;41.14791;-8.607716
2478834219;41.14069;-8.615864
2478834220;41.1407;-8.616106
2478887460;41.14143;-8.619173
2478887462;41.14115;-8.618486
2478887464;41.14108;-8.618426
2478887466;41.14125;-8.618564
2478887468;41.14067;-8.617445
2478887470;41.14112;-8.618513
2478887472;41.14129;-8.618263
2478887473;41.14118;-8.618588
2478887475;41.14137;-8.619182
2478887477;41.14129;-8.618609
2478887479;41.14054;-8.616882
2478887480;41.14111;-8.618289
2478887482;41.14107;-8.618331
2478887484;41.14112;-8.618269
2478887486;41.14106;-8.618344
2478887488;41.14053;-8.616865
2478887490;41.1411;-8.618315
2478887491;41.14048;-8.61691
2478887493;41.1412;-8.618582
2478887495;41.1415;-8.619092
2478887497;41.14133;-8.618346
2478887499;41.1415;-8.619055
2478887501;41.14116;-8.618582
2478887503;41.14128;-8.618577
2478887504;41.1412;-8.618335
2478887507;41.14122;-8.618567
2478887509;41.14105;-8.618361
2478887511;41.14112;-8.618222
2478887512;41.14112;-8.61825
2478887514;41.14114;-8.61856
2478887516;41.14141;-8.61919
2478887522;41.14139;-8.619195
2478887524;41.1405;-8.616866
2478887526;41.14102;-8.618419
2478887527;41.14149;-8.619118
2478887528;41.14048;-8.616886
2478887529;41.14051;-8.616857
2478887530;41.14106;-8.618381
2478887531;41.14096;-8.61783
2478891313;41.14122;-8.618316
2478900139;41.14217;-8.620562
2478900142;41.14153;-8.619246
2478900144;41.14155;-8.619249
2478900146;41.14211;-8.620583
2478900148;41.14215;-8.620574
2478900150;41.1414;-8.619415
2478900151;41.14141;-8.619439
2478900152;41.14153;-8.619668
2478900153;41.14158;-8.619677
2478900154;41.14217;-8.620535
2478900156;41.14214;-8.620511
2478900157;41.14156;-8.619685
2478900158;41.14152;-8.619253
2478900159;41.1414;-8.619397
2478900160;41.14249;-8.620232
2478900162;41.14155;-8.619682
2478900164;41.14185;-8.620038
2478900166;41.1417;-8.619553
2478900168;41.14141;-8.619371
2478900170;41.14215;-8.620527
2478900172;41.14156;-8.619261
2478900174;41.14163;-8.619633
2478900176;41.14219;-8.620535
2478900178;41.14171;-8.619491
2478900180;41.14213;-8.620581
2478900182;41.14209;-8.620569
2478900184;41.1422;-8.620526
2478900186;41.14171;-8.619532
2478900188;41.14172;-8.619508
2486815076;41.14552;-8.618922
2486815125;41.14553;-8.619005
2486815215;41.14554;-8.619015
2486815264;41.14553;-8.618912
2489384185;41.14423;-8.620857
2489771464;41.14455;-8.618915
2511003051;41.14731;-8.620514
2511003053;41.14742;-8.620423
2511003062;41.14739;-8.62049
2511272020;41.14629;-8.61787
2511367890;41.14609;-8.623059
2511367894;41.14615;-8.622627
2511367900;41.146;-8.623043
2511367903;41.14604;-8.622459
2511367905;41.14599;-8.623026
2511367911;41.14601;-8.623053
2511367914;41.14644;-8.621881
2511367917;41.14619;-8.622231
2511367919;41.14645;-8.621868
2511367922;41.14598;-8.622149
2511367925;41.14615;-8.62298
2511367927;41.14618;-8.622185
2511367932;41.14616;-8.622187
2511367934;41.14599;-8.623002
2511367936;41.14618;-8.622205
2511367940;41.1464;-8.622007
2511367941;41.14615;-8.622657
2511367943;41.14616;-8.622684
2511367945;41.14619;-8.622263
2511367948;41.1465;-8.621879
2511367950;41.14651;-8.621887
2511367952;41.14617;-8.622753
2511367982;41.14633;-8.621994
2511367985;41.14651;-8.621902
2511367987;41.14619;-8.622171
2511367991;41.14606;-8.623059
2511367997;41.14616;-8.622481
2511368005;41.14614;-8.623013
2511368008;41.14611;-8.623049
2511368011;41.14613;-8.623031
2511368013;41.14642;-8.622
2511379818;41.14618;-8.622336
2511400204;41.14755;-8.622198
2511443158;41.14753;-8.622211
2511572396;41.14739;-8.622267
2511664799;41.14566;-8.623108
2516423406;41.14575;-8.62217
2641682864;41.1462;-8.620112
2641682868;41.14716;-8.620408
2641682870;41.14693;-8.620354
2641682874;41.14613;-8.620043
2641682876;41.14629;-8.620208
2641682879;41.14608;-8.619867
2641682881;41.14611;-8.619995
2641682884;41.1461;-8.619945
2641682886;41.14615;-8.620086
2681412868;41.14596;-8.612226
2681412869;41.14582;-8.613541
2681412871;41.14419;-8.607504
2681412872;41.14559;-8.615296
2681412874;41.14563;-8.615504
2681416135;41.14788;-8.614548
2721972082;41.1452;-8.610455
2721972084;41.14587;-8.60987
2721972096;41.14514;-8.610084
2721972098;41.14508;-8.609587
2893389981;41.1498;-8.612104
2914925366;41.14999;-8.620948
2915001101;41.14322;-8.619877
2915001115;41.14279;-8.619792
2915001116;41.14186;-8.618685
2915004401;41.1437;-8.621581
2915025611;41.14392;-8.619705
2915025612;41.14393;-8.619708
2915025614;41.14127;-8.617079
2915025616;41.14381;-8.619756
2915025618;41.14395;-8.619741
2915025624;41.14142;-8.616984
2915025629;41.14394;-8.61972
2915025632;41.14389;-8.619716
2915025634;41.14252;-8.618345
2915025635;41.1439;-8.619707
2925345692;41.14575;-8.605124
2925398536;41.14502;-8.606352
2925430330;41.1456;-8.60539
2925430342;41.14531;-8.605759
2925471785;41.14719;-8.608073
2926981534;41.14442;-8.608813
2926981543;41.14447;-8.608737
2926993939;41.14416;-8.607903
2926993940;41.14361;-8.608474
2927034198;41.14447;-8.60951
2927035102;41.14487;-8.609492
2927035103;41.14478;-8.609476
2927035105;41.14489;-8.609505
2927035109;41.14442;-8.609531
2927035117;41.14381;-8.610172
2927035119;41.14366;-8.610282
2927035126;41.14386;-8.610128
2927035131;41.14485;-8.609482
2927055762;41.14587;-8.609981
2927055765;41.14569;-8.608001
2927055770;41.14595;-8.609627
2927055777;41.14598;-8.609428
2927055779;41.14588;-8.610009
2927055780;41.14598;-8.609241
2927055788;41.14581;-8.608454
2927055789;41.14583;-8.608662
2927076257;41.14264;-8.609767
2927137116;41.14169;-8.608598
2927137133;41.14179;-8.608178
2927167311;41.14317;-8.606479
2927167312;41.14314;-8.606257
2927183102;41.1424;-8.607409
2927195014;41.144;-8.606464
2927195022;41.14365;-8.60646
2927195025;41.14368;-8.606604
2927287349;41.14611;-8.603059
2934456326;41.14762;-8.609415
2937936475;41.14908;-8.609478
2966757364;41.14175;-8.619884
3092601790;41.14509;-8.6109
3092601795;41.14579;-8.610826
3092601796;41.14505;-8.611023
3092618005;41.14733;-8.608693
3092618006;41.14738;-8.608709
3098121112;41.14719;-8.617788
3098121116;41.14635;-8.617814
3098121120;41.14709;-8.617864
3098121124;41.14651;-8.617729
3098121125;41.14626;-8.6202
3098121126;41.14688;-8.620343
3130311623;41.14529;-8.610885
3130311624;41.14566;-8.615137
3130311625;41.14569;-8.615489
3130311626;41.14802;-8.611263
3130312331;41.14774;-8.610944
3130312335;41.14603;-8.611788
3130312337;41.14542;-8.615689
3130312339;41.14684;-8.611129
3130312343;41.14688;-8.611476
3130312344;41.14587;-8.613461
3130312346;41.14591;-8.61224
3130312347;41.14586;-8.610813
3385332307;41.14136;-8.598401
3385332308;41.14163;-8.598997
3385332310;41.14173;-8.599277
3387597039;41.14046;-8.614411
3387597043;41.14061;-8.613153
3387597048;41.1408;-8.615229
3387597049;41.14091;-8.613158
3387597051;41.141;-8.614692
3387597056;41.14271;-8.613729
3387597057;41.14273;-8.614089
3387597060;41.14309;-8.606107
3387597061;41.14308;-8.613728
3387597062;41.14327;-8.60848
3387597064;41.14334;-8.608639
3387597065;41.14337;-8.608658
3387597068;41.14341;-8.608667
3387597069;41.14344;-8.612
3387597070;41.14348;-8.613184
3387597072;41.14363;-8.608087
3387597074;41.14372;-8.607986
3387597076;41.14382;-8.607907
3387597081;41.14402;-8.609858
3387597082;41.14403;-8.613557
3387597091;41.14421;-8.607574
3387597794;41.14427;-8.612109
3387597796;41.14431;-8.620574
3387597797;41.14431;-8.620607
3387597799;41.1444;-8.609528
3387597811;41.14497;-8.610932
3387597817;41.14552;-8.603137
3387597822;41.14562;-8.615477
3387597830;41.14585;-8.613532
3387597834;41.14597;-8.613603
3387597836;41.14601;-8.613564
3387597842;41.14696;-8.6203
3387597843;41.14696;-8.620278
3387597844;41.14717;-8.620371
3387597845;41.1479;-8.619347
3388020769;41.14603;-8.612208
3388020773;41.14609;-8.612206
3388020783;41.14676;-8.61023
3391597616;41.14212;-8.619362
3391597620;41.14224;-8.619798
3391597627;41.14247;-8.620254
3391597630;41.1426;-8.620159
3391597632;41.14269;-8.619477
3391597633;41.1427;-8.619523
3391597642;41.14329;-8.619895
3391597643;41.1434;-8.621284
3391597647;41.14367;-8.621708
3391597653;41.14396;-8.622477
3391597668;41.14436;-8.621325
3391597680;41.1456;-8.623825
3391597686;41.14589;-8.620192
3391597692;41.14598;-8.619952
3391598593;41.14601;-8.620334
3391598596;41.14608;-8.619902
3391598597;41.14609;-8.619905
3391598600;41.14614;-8.619646
3391598602;41.14615;-8.619561
3391598603;41.14615;-8.61965
3391598605;41.14616;-8.619566
3391598611;41.14626;-8.620127
3391598626;41.14658;-8.619892
3391598632;41.14688;-8.620272
3391598650;41.14758;-8.622185
3391598654;41.14776;-8.619933
3392710631;41.1401;-8.616214
3392710632;41.14011;-8.616096
3392710633;41.14015;-8.61633
3392710634;41.1402;-8.616032
3392710635;41.14021;-8.616353
3392710636;41.14022;-8.616018
3392710637;41.14026;-8.613377
3392710638;41.14027;-8.613307
3392710639;41.14029;-8.616697
3392710642;41.14031;-8.616616
3392710643;41.14033;-8.612689
3392710644;41.14034;-8.61262
3392710645;41.14036;-8.613276
3392710646;41.14036;-8.612374
3392710648;41.14039;-8.617126
3392710651;41.14042;-8.612751
3392710652;41.14042;-8.616062
3392710653;41.14043;-8.611836
3392710654;41.14043;-8.617297
3392710656;41.14046;-8.616136
3392710659;41.14055;-8.611741
3392710660;41.14062;-8.615797
3392710662;41.14065;-8.615829
3392710668;41.14075;-8.615994
3392710671;41.14078;-8.615993
3392710672;41.14079;-8.616507
3392710674;41.14093;-8.615163
3392710676;41.1411;-8.615316
3392710678;41.14111;-8.615393
3392710681;41.14126;-8.618286
3392710682;41.14128;-8.617085
3392710683;41.14128;-8.617089
3392710684;41.1413;-8.61837
3392710685;41.14138;-8.614503
3392710689;41.14156;-8.61307
3392710690;41.14162;-8.616319
3392710691;41.14162;-8.61663
3392710692;41.14165;-8.614911
3392711294;41.14169;-8.614911
3392711295;41.1417;-8.61599
3392711296;41.1417;-8.614911
3392711297;41.1417;-8.616266
3392711298;41.14183;-8.618942
3392711299;41.14201;-8.616968
3392711302;41.14284;-8.614599
3392711305;41.14302;-8.610931
3392711308;41.1433;-8.611573
3392711311;41.14359;-8.611088
3392711318;41.14447;-8.614242
3392711323;41.14596;-8.614535
3392711324;41.14598;-8.614622
3392711325;41.14602;-8.61461
3392711326;41.14623;-8.614094
3392711327;41.14662;-8.614724
3392711328;41.14718;-8.617421
3392711329;41.14718;-8.617416
3392711331;41.14735;-8.615308
3392711333;41.14761;-8.615256
3392711334;41.14806;-8.618297
3392939425;41.14086;-8.610058
3392939426;41.14167;-8.608706
3392939428;41.14281;-8.609686
3392939431;41.14338;-8.610433
3392939433;41.14568;-8.607286
3392939435;41.14722;-8.608062
3392939436;41.14727;-8.608047
3392939437;41.14742;-8.608905
3392939443;41.14782;-8.604674
3392939453;41.14819;-8.609408
3392939454;41.14822;-8.609408
3392939461;41.14911;-8.609484
3397147923;41.14371;-8.610471
3398946287;41.14025;-8.603844
3398946291;41.1403;-8.602304
3398946295;41.14035;-8.601639
3398946367;41.14079;-8.610168
3400530624;41.14553;-8.618919
3400530625;41.14554;-8.619002
3400530627;41.14618;-8.611281
3442647353;41.148;-8.613155
3457190271;41.14309;-8.614738
3457190272;41.14283;-8.614704
3457211714;41.14539;-8.612061
3457211715;41.14598;-8.612322
3554720399;41.14474;-8.611463
3554720401;41.14527;-8.610727
3554720402;41.14536;-8.610713
3554720409;41.14541;-8.610722
3554720414;41.14569;-8.610684
3554720418;41.14572;-8.610665
3554720424;41.14604;-8.611633
3554720425;41.14605;-8.611308
3554720428;41.14645;-8.611217
3554720432;41.1466;-8.609742
3554720440;41.14681;-8.611135
3554720444;41.14771;-8.610193
3554720445;41.14772;-8.610202
3554720446;41.14774;-8.610397
3554720447;41.14774;-8.610209
3554720448;41.14776;-8.610373
3554720449;41.14777;-8.610352
3688773917;41.14425;-8.612137
3688773918;41.14426;-8.612121
3690516791;41.15022;-8.604187
3690885655;41.14748;-8.60754
3690885656;41.14755;-8.607938
3690885657;41.14745;-8.60755
3690885658;41.14751;-8.607852
3697722647;41.1493;-8.604094
3698039529;41.14812;-8.602856
3698101866;41.14832;-8.603997
3698157316;41.14885;-8.603067
3698158383;41.14878;-8.604045
3699236931;41.14735;-8.602626
3699236947;41.14905;-8.603124
3891282119;41.14513;-8.611862
3891282121;41.14513;-8.611853
3891282147;41.1454;-8.610693
3891282331;41.14699;-8.606639
3891282335;41.14731;-8.608089
3891282336;41.14735;-8.608068
3891282342;41.14814;-8.606398
3891282353;41.1483;-8.606272
3978884718;41.14669;-8.609861
3992982895;41.14676;-8.609318
3992982896;41.14666;-8.609307
3992990333;41.14613;-8.610311
3992990334;41.14621;-8.610363
3992990337;41.14614;-8.610325
3993021523;41.14656;-8.608349
3993021524;41.14682;-8.608357
3993117787;41.14674;-8.609715
3993117788;41.14663;-8.6097
3993117789;41.14671;-8.609715
3993126224;41.14756;-8.609426
3993126454;41.14724;-8.607942
3993126557;41.14729;-8.60872
4025482697;41.14592;-8.609897
4025528390;41.14602;-8.610677
4025528392;41.14595;-8.610741
4025528393;41.14594;-8.61058
4025528394;41.14599;-8.610709
4025528395;41.14605;-8.61065
4027068552;41.14478;-8.607797
4027068570;41.14474;-8.607617
4027074709;41.14544;-8.607572
4027091849;41.14602;-8.610869
4097873915;41.14479;-8.609971
4097873916;41.14479;-8.609969
4097873917;41.14479;-8.609971
4097873918;41.1448;-8.609972
4097873919;41.1448;-8.609973
4097873920;41.1448;-8.609906
4097873925;41.1459;-8.61007
4097873927;41.14659;-8.609763
4097873928;41.14663;-8.609796
4097873929;41.14663;-8.609709
4097873935;41.14677;-8.608394
4097873936;41.14679;-8.608356
4097873944;41.1475;-8.609367
4097873947;41.14745;-8.609446
4097873948;41.14759;-8.609416
4097873954;41.14804;-8.609344
4199180593;41.14108;-8.614478
4199223989;41.14116;-8.614534
4327756510;41.14645;-8.615323
4488753662;41.1478;-8.608538
4488753663;41.14618;-8.607112
4488753666;41.14666;-8.601217
4488753667;41.14727;-8.599941
4488753792;41.14251;-8.603329
4488753793;41.14259;-8.603117
4488753796;41.14262;-8.605708
4488753798;41.14237;-8.606229
4488753800;41.14239;-8.60709
4488753801;41.14251;-8.607402
4526972109;41.1468;-8.61132
4526972112;41.14693;-8.611293
4526972116;41.14786;-8.611102
4526972121;41.14749;-8.608598
4526972153;41.14779;-8.614552
4526972156;41.14733;-8.614896
4526972160;41.1473;-8.615932
4526972161;41.14729;-8.615933
4527005384;41.1412;-8.614517
4527005386;41.14145;-8.613364
4529130480;41.14254;-8.614118
4529130481;41.14264;-8.614099
4529130486;41.14271;-8.615278
4529130488;41.14216;-8.614373
4529131591;41.14171;-8.61452
4529131593;41.14165;-8.614652
4529131595;41.14164;-8.615398
4529131597;41.14171;-8.615299
4529131600;41.14156;-8.615314
4529131602;41.14166;-8.615191
4529131604;41.14109;-8.61458
4529131605;41.14105;-8.614558
4529131608;41.1409;-8.615317
4529131610;41.14075;-8.615414
4529131612;41.14167;-8.616655
4529953494;41.14774;-8.603941
4529953496;41.14766;-8.604028
4529953499;41.14758;-8.603925
4529953502;41.14732;-8.602737
4529953513;41.14638;-8.602066
4529953516;41.14645;-8.601843
4529953524;41.14614;-8.604388
4529953527;41.1465;-8.604341
4529953529;41.1466;-8.603827
4529953530;41.14656;-8.603726
4529953533;41.14676;-8.605625
4529953537;41.14705;-8.60691
4529953538;41.14701;-8.606758
4529953547;41.1461;-8.610181
4529953552;41.14606;-8.610796
4529953563;41.14601;-8.613973
4529953566;41.14609;-8.614114
4529953571;41.14479;-8.618313
4529953572;41.1447;-8.618222
4529953574;41.14449;-8.617447
4552662441;41.14363;-8.61088
4553025618;41.14292;-8.614719
4554258208;41.14096;-8.613189
4554401292;41.14043;-8.612649
4555697401;41.14084;-8.610088
4555699311;41.14053;-8.611839
4555699312;41.14074;-8.610466
4555699314;41.1405;-8.612156
4555727046;41.14233;-8.606578
4556158591;41.14108;-8.608789
4556158593;41.14136;-8.607391
4556158596;41.14113;-8.608658
4556158600;41.14132;-8.607844
4556158605;41.14104;-8.608826
4556191461;41.14252;-8.607607
4556191463;41.14251;-8.607576
4556191465;41.14243;-8.607494
4556191466;41.14244;-8.607434
4556236525;41.14273;-8.608318
4556236529;41.14214;-8.607385
4556247648;41.14239;-8.608361
4556255874;41.14206;-8.608555
4556361545;41.14317;-8.607492
4556361546;41.14275;-8.60658
4556366835;41.14317;-8.608628
4558789392;41.14231;-8.605718
4558789393;41.14229;-8.605664
4558796666;41.14288;-8.605246
4558796667;41.14284;-8.605052
4558796673;41.14294;-8.605453
4559094988;41.14202;-8.606019
4559094989;41.14204;-8.605865
4559094992;41.14199;-8.606039
4559094998;41.14201;-8.606053
4559115457;41.14211;-8.605843
4559115459;41.1421;-8.605882
4559141799;41.1424;-8.605054
4559141808;41.14238;-8.605045
4559141811;41.14251;-8.60466
4559141823;41.1425;-8.604672
4559191359;41.1421;-8.606194
4559197787;41.14263;-8.604202
4559198590;41.14273;-8.603945
4559198603;41.1425;-8.604139
4559204991;41.14271;-8.603799
4559204998;41.14259;-8.6041
4559205002;41.14256;-8.603827
4559205013;41.14252;-8.604062
4559205022;41.14253;-8.604067
4559209381;41.14265;-8.603927
4559209387;41.14265;-8.604135
4559213892;41.14264;-8.603811
4559289602;41.14223;-8.604552
4559346916;41.14231;-8.603901
4559346917;41.14244;-8.604055
4559346920;41.1423;-8.603863
4559346928;41.1423;-8.603868
4559346931;41.14234;-8.603819
4559380164;41.14236;-8.603595
4559380170;41.14254;-8.603641
4559387634;41.14179;-8.604482
4559387635;41.14178;-8.605358
4562170435;41.14255;-8.603171
4562170438;41.1425;-8.603138
4562184898;41.1425;-8.603213
4562184901;41.14246;-8.603124
4562184902;41.14246;-8.603104
4562184907;41.14251;-8.603148
4562184909;41.14224;-8.60305
4562226811;41.14254;-8.603905
4562226812;41.14262;-8.603065
4562460033;41.14265;-8.602976
4562460034;41.14265;-8.60285
4595511220;41.14354;-8.618349
4595511221;41.14404;-8.618298
4595511222;41.14427;-8.618301
4595511223;41.14447;-8.618304
4608623069;41.14543;-8.603136
4608623070;41.14543;-8.603236
4612504729;41.14298;-8.604016
4612504733;41.14355;-8.60348
4612504734;41.14295;-8.603858
4612602646;41.14297;-8.605097
4612602649;41.14312;-8.604963
4612602651;41.14302;-8.605419
4612602653;41.14299;-8.605313
4612602654;41.14296;-8.605011
4614795578;41.14486;-8.604557
4614795579;41.14484;-8.604486
4614795580;41.14481;-8.604342
4614805773;41.14488;-8.60447
4614805774;41.1449;-8.604544
4614852047;41.14522;-8.604109
4614852048;41.1453;-8.604075
4621517983;41.14395;-8.606909
4621518009;41.14412;-8.607465
4621518010;41.14397;-8.607023
4621536289;41.14342;-8.605324
4621536294;41.14355;-8.605803
4621547670;41.14373;-8.605722
4621547671;41.1434;-8.605234
4621618625;41.14365;-8.605214
4621647253;41.14432;-8.606226
4621647254;41.14436;-8.6062
4621647255;41.144;-8.606297
4621647256;41.14399;-8.606417
4621647257;41.14444;-8.606155
4621647258;41.14386;-8.605822
4621647259;41.14425;-8.606267
4621647260;41.14396;-8.606318
4621647261;41.14407;-8.606369
4621647262;41.14429;-8.606241
4621710596;41.14383;-8.607616
4621710597;41.14402;-8.607487
4621710600;41.14397;-8.607519
4621710601;41.14411;-8.607428
4621710602;41.14388;-8.607581
4621710603;41.14393;-8.60755
4621710604;41.14407;-8.607458
4621715682;41.14445;-8.606202
4621715683;41.14438;-8.606249
4673335534;41.1432;-8.610438
4679272904;41.1428;-8.615147
4679272915;41.14278;-8.615386
4679272918;41.14287;-8.614711
4681665499;41.14249;-8.615365
4720971840;41.14785;-8.599162
4744083580;41.14426;-8.607391
4751755897;41.14547;-8.60325
4751755898;41.1447;-8.606919
4751755899;41.14472;-8.606959
4751755900;41.14474;-8.607059
4856638649;41.14032;-8.596112
4920992108;41.14585;-8.609532
4921101771;41.1452;-8.610441
4925189617;41.14542;-8.607402
4925285422;41.14462;-8.609811
4925285424;41.14464;-8.609809
4925285425;41.14479;-8.609796
4925285428;41.14481;-8.609832
4925285429;41.1447;-8.609804
4925287122;41.14481;-8.609848
4925287126;41.14481;-8.609846
4925289575;41.14478;-8.610006
4925289578;41.14476;-8.610028
4925289582;41.14478;-8.610031
4925289583;41.14476;-8.610066
4925289584;41.14478;-8.610008
4925292786;41.14452;-8.609819
4925310646;41.1448;-8.609888
4925310647;41.14458;-8.609816
4925310648;41.14459;-8.609881
4925310649;41.14447;-8.609936
4925310650;41.14445;-8.609827
4925310651;41.14447;-8.609907
4925310652;41.14477;-8.609881
4925318282;41.14476;-8.609946
4925318283;41.14447;-8.60994
4925318284;41.14474;-8.610059
4925318286;41.1446;-8.610019
4925318289;41.14461;-8.609942
4925408905;41.1431;-8.611079
4925408906;41.14313;-8.611065
4925459189;41.14412;-8.610948
4925459191;41.14369;-8.610855
4925459192;41.14384;-8.610888
4925459193;41.14418;-8.610619
4927116730;41.1427;-8.602139
4927248028;41.14096;-8.616161
4927256628;41.1408;-8.616174
4927256629;41.14088;-8.615989
4927256630;41.14104;-8.616218
4927256631;41.14088;-8.615782
4927256632;41.14104;-8.616063
4927256633;41.1408;-8.615992
4927256634;41.14079;-8.615685
4927256635;41.14093;-8.61622
4927256636;41.14093;-8.61617
4927256637;41.14096;-8.61622
4927256638;41.14096;-8.616067
4927256639;41.14089;-8.61607
4927261931;41.14176;-8.614669
4927261932;41.14223;-8.614685
4927261933;41.14199;-8.614678
4927261934;41.14175;-8.615143
4927261935;41.14223;-8.615153
4927261936;41.14197;-8.615147
4927261937;41.14176;-8.614911
4927269235;41.14165;-8.614619
4945762789;41.14709;-8.610982
4945762790;41.14695;-8.611011
4996732855;41.14177;-8.614591
4999529509;41.14043;-8.614516
5051610943;41.14332;-8.610334
5056652755;41.14176;-8.604489
5118553689;41.14606;-8.611118
5118553691;41.14606;-8.610768
5118553704;41.14558;-8.610667
5118554430;41.14593;-8.610407
5175588777;41.14283;-8.608222
5175588778;41.14286;-8.608312
5175588779;41.14293;-8.608006
5175588780;41.14285;-8.60808
5175588781;41.14313;-8.608072
5175588782;41.14316;-8.608155
5175588783;41.14305;-8.608453
5175588784;41.14314;-8.608412
5175588785;41.14289;-8.608038
5175588786;41.14285;-8.608274
5175588787;41.14309;-8.608431
5175588788;41.14315;-8.608118
5279421915;41.14803;-8.598925
5320167751;41.14706;-8.606791
5320177921;41.14492;-8.610948
5342917063;41.14217;-8.607353
5342917065;41.14091;-8.609156
5476716943;41.14668;-8.60971
5476716944;41.14689;-8.609648
5476716945;41.14695;-8.606834
5476716947;41.14547;-8.607617
5476716948;41.14544;-8.607483
5476716949;41.14548;-8.607626
5476716951;41.14753;-8.609431
5476716952;41.14816;-8.609409
5476716953;41.14761;-8.609363
5476716954;41.14752;-8.609366
5476716955;41.14758;-8.609364
5476716957;41.14811;-8.609381
5476716964;41.14684;-8.61075
