8366901;25620948;1386051850;
8366901;1386051850;3442647353;
8366901;3442647353;1386051854;
8367055;1386063691;2415701442;
8367055;2415701442;2415701440;
8367055;2415701440;2415701439;
8367055;2415701439;1209593469;
8367055;1209593469;2415701443;
8367055;2415701443;1209593455;
8367055;1209593455;2415701444;
8367055;2415701444;25632370;
8367055;25632370;2414401915;
8367055;2414401915;25632230;
8367055;25632230;2914925366;
8367055;2914925366;25632226;
8367055;25632226;25632227;
8367089;2247375546;1387283705;
8367089;1387283705;2383470264;
8367147;129554561;3699236931;
8367147;3699236931;3698039529;
8367147;3698039529;3698157316;
8367147;3698157316;3699236947;
8367147;3699236947;25632433;
12300169;129558976;4529130486;
12300169;4529130486;286969936;
12300169;286969936;2209932686;
12300169;2209932686;4529131597;
12300169;4529131597;111481848;
12300169;111481848;4529131600;
12300169;4529131600;3392710676;
12300169;3392710676;111481849;
12300169;111481849;4529131608;
12300169;4529131608;2262128243;
12544650;2206349297;476018885;
12544650;476018885;2205918506;
12544650;2205918506;2205918283;
12544650;2205918283;112686789;
13278020;111479507;111479508;
13278020;111479508;111479509;
13278020;111479509;111479510;
13278020;111479510;3392710660;
13278020;3392710660;286970022;
13278020;286970022;4529131610;
13278020;4529131610;2262128243;
13278020;2262128243;3387597048;
13278020;3387597048;2207402779;
13278020;2207402779;3387597051;
13278020;3387597051;2207418932;
13278159;111481288;4527005386;
13278159;4527005386;3392710689;
13278159;3392710689;476010141;
13278159;476010141;2206349297;
13801323;1684865542;2511003051;
13801323;2511003051;1684865541;
13801868;1684865541;2250794621;
13801868;2250794621;2641682868;
13802005;128679581;3391598596;
13802005;3391598596;2641682879;
14326464;129557542;2214758555;
14326464;2214758555;2247054929;
14326464;2247054929;2681412872;
14326464;2681412872;3130311624;
14326464;3130311624;2086439968;
14326464;2086439968;2086439969;
14326464;2086439969;2086440304;
14326464;2086440304;4529953563;
14326464;4529953563;129557601;
14326464;129557601;2213587968;
14326464;2213587968;2213587966;
14326464;2213587966;1684844050;
14326464;1684844050;129544876;
14326487;2247054934;2681412874;
14326487;2681412874;2247054935;
14326487;2247054935;3130311625;
14326487;3130311625;4327756510;
14326493;128680158;2247390934;
14326493;2247390934;129558556;
14326493;129558556;2247390923;
14326493;2247390923;2247390925;
14326493;2247390925;1788784977;
14326493;1788784977;2247390939;
14326493;2247390939;1788784981;
14326493;1788784981;314549177;
14326493;314549177;2213447626;
14326493;2213447626;2214522449;
14326558;129544876;3130312344;
14326558;3130312344;2214758559;
14326558;2214758559;2209225419;
14326558;2209225419;3457211715;
14326558;3457211715;25620960;
14326558;25620960;2209225447;
14326558;2209225447;3130312335;
14326558;3130312335;2245520913;
14326558;2245520913;3554720424;
14326733;137831888;2413940881;
14326733;2413940881;2413446290;
14326733;2413446290;2413446263;
14326733;2413446263;137831884;
14326733;137831884;137831881;
14326733;137831881;2413950281;
14326733;2413950281;1693766989;
14326733;1693766989;1693766970;
14326733;1693766970;137831876;
14326733;137831876;1693766987;
14326733;1693766987;137831873;
14326733;137831873;2414401910;
14326733;2414401910;1684844451;
14326733;1684844451;1386063691;
14327260;2218529687;2222190625;
14327260;2222190625;4608623070;
14327260;4608623070;4751755897;
14327260;4751755897;137884299;
14327318;137882131;2222190811;
14327318;2222190811;4612504733;
14327318;4612504733;1594804691;
14327318;1594804691;2218529670;
14327351;137882131;4621647257;
14327351;4621647257;4621715682;
14327351;4621715682;2208476303;
14327351;2208476303;4751755898;
14327351;4751755898;4751755899;
14327351;4751755899;2208891172;
14327351;2208891172;2208891134;
14327438;137896681;2307191876;
14327438;2307191876;2222393786;
14327505;2222393786;2307175467;
14327505;2307175467;137884299;
14327505;137884299;3387597817;
14327505;3387597817;2307219736;
14327505;2307219736;2307219747;
14327545;2308862117;4529953530;
14327545;4529953530;129554083;
14327867;129554083;668955253;
14327868;137903872;2307244299;
14327868;2307244299;4529953524;
14327868;4529953524;2925345692;
14327868;2925345692;137896681;
14327876;137896681;2925430330;
14327876;2925430330;2925430342;
14327876;2925430342;137903876;
14327876;137903876;2925398536;
14327876;2925398536;137903879;
14327876;137903879;2208891134;
14333465;138220017;3392711326;
14333465;3392711326;2246222543;
14333465;2246222543;2246222537;
14333465;2246222537;2246222534;
14333465;2246222534;2246222541;
14333465;2246222541;2246222517;
14333465;2246222517;2246222523;
14333465;2246222523;2246222545;
14333465;2246222545;138220134;
14333474;138220019;3392711327;
14333474;3392711327;2246222552;
14333474;2246222552;2246222551;
14333474;2246222551;2246222547;
14333474;2246222547;2246222549;
14333500;138222054;286969310;
14333500;286969310;138222057;
14333500;138222057;2214758550;
14333500;2214758550;2681412869;
14333500;2681412869;3387597830;
14333500;3387597830;129544876;
14333733;138230335;138230334;
14333733;138230334;2927035119;
14333733;2927035119;2927035117;
14333733;2927035117;2927035126;
14333733;2927035126;138230332;
14333733;138230332;2204210205;
14333733;2204210205;3387597081;
14333733;3387597081;2076734382;
14333733;2076734382;2204179799;
14333888;1278184346;3392939461;
14333888;3392939461;2937936475;
14333888;2937936475;2204100028;
14333888;2204100028;2204099885;
14333888;2204099885;3392939454;
14333888;3392939454;3392939453;
14333888;3392939453;5476716952;
14333888;5476716952;2934456326;
14333888;2934456326;4097873948;
14333888;4097873948;3993126224;
14333954;137955522;2307214692;
14333954;2307214692;2927287349;
14333954;2927287349;2202026086;
14333954;2202026086;4529953513;
14333954;4529953513;137901873;
14333954;137901873;4529953516;
14333954;4529953516;4488753666;
14333954;4488753666;1788785269;
14333954;1788785269;138238303;
14333954;138238303;4488753667;
14333954;4488753667;138238299;
14333954;138238299;4720971840;
14333954;4720971840;138238298;
14333954;138238298;5279421915;
14333954;5279421915;1788785577;
26119844;1684844453;4526972153;
26119844;4526972153;1684844436;
26119844;1684844436;4526972156;
26119844;4526972156;1684844433;
26119844;1684844433;2247371507;
26119844;2247371507;1684844417;
26119844;1684844417;2379389151;
26119844;2379389151;1684844412;
26119862;2413940881;3392711334;
26119862;3392711334;1554886157;
26119862;1554886157;2273291010;
26119862;2273291010;285939347;
26119862;285939347;2273290986;
26119862;2273290986;2273291018;
26119862;2273291018;285939317;
26119862;285939317;25632371;
26119900;25620743;2354378407;
26119900;2354378407;25620737;
26119900;25620737;1386051849;
26207695;286968481;3392939454;
26207695;3392939454;286968789;
26207695;286968789;2335762665;
26207695;2335762665;4488753662;
26207695;4488753662;286968787;
26207784;2213482415;286969308;
26207784;286969308;475796332;
26207784;475796332;286969310;
26207794;2213321426;286969400;
26207794;286969400;286969399;
26207794;286969399;286969398;
26207794;286969398;286969397;
26207794;286969397;286969396;
26207794;286969396;286969395;
26207794;286969395;286969394;
26207794;286969394;1279795690;
26207794;1279795690;286969393;
26207794;286969393;475549048;
26207794;475549048;286969392;
26207794;286969392;286969391;
26207794;286969391;286969390;
26207794;286969390;286969389;
26207794;286969389;475550561;
26207794;475550561;475737524;
26207794;475737524;286969387;
26207794;286969387;138223440;
26207858;2211299275;3387597043;
26207858;3387597043;2211299272;
26207858;2211299272;2204347232;
26207858;2204347232;1277590623;
26207858;1277590623;286969778;
26207858;286969778;286969779;
26207858;286969779;3387597039;
26207858;3387597039;4999529509;
26207885;286969936;4681665499;
26207885;4681665499;286969938;
26207885;286969938;286969939;
26207885;286969939;2469350601;
26207885;2469350601;286969940;
26207885;286969940;475555187;
26207885;475555187;286969970;
26207885;286969970;2915025624;
26207885;2915025624;286970027;
26207885;286970027;2213037941;
26207885;2213037941;1296455172;
26207885;1296455172;286969943;
26207889;111481848;2356376617;
26207889;2356376617;4529131602;
26207889;4529131602;3392710692;
26207889;3392710692;2207399542;
26207889;2207399542;4529131593;
26207889;4529131593;4927269235;
26207889;4927269235;111481561;
26207896;3392710660;3392710662;
26207896;3392710662;2478834219;
26207896;2478834219;2478834220;
26207896;2478834220;286970024;
26207896;286970024;3392710672;
26207896;3392710672;286970025;
26207896;286970025;1279779527;
26207896;1279779527;2207582729;
26207896;2207582729;2915025614;
26207896;2915025614;3392710682;
26207896;3392710682;3392710683;
26207896;3392710683;286970027;
28193881;1554886175;343646802;
28193881;343646802;137831888;
28193886;1386063691;25632371;
28193886;25632371;1209593474;
28193886;1209593474;25632363;
28618235;475552091;475552092;
28618235;475552092;2213218025;
28618235;2213218025;2213218013;
28618235;2213218013;2213218028;
28618235;2213218028;2213321429;
30417987;2222393786;2222393782;
30417987;2222393782;2222393784;
30417987;2222393784;4614805774;
30417987;4614805774;4614795578;
30417987;4614795578;137882131;
30417989;5051610943;1143317472;
30417989;1143317472;138230335;
31261920;2206451106;2206451084;
31261920;2206451084;2206451082;
31261920;2206451082;286969782;
31261920;286969782;286969783;
31261920;286969783;286969784;
31261920;286969784;2206516819;
31261920;2206516819;286969785;
31261920;286969785;286969786;
31261920;286969786;3392710652;
31261920;3392710652;286969787;
31261920;286969787;3392710656;
31261920;3392710656;111479509;
31572903;1771990365;112686793;
31573135;2208891134;4751755900;
31573135;4751755900;2208891061;
31573135;2208891061;4744083580;
31573135;4744083580;1554874570;
31573135;1554874570;2325018399;
31573135;2325018399;2325018422;
31573135;2325018422;2325018426;
31573135;2325018426;2325018379;
31573135;2325018379;2325018383;
31573135;2325018383;2325018420;
31573135;2325018420;2325018389;
31573135;2325018389;2135998880;
31573135;2135998880;138233991;
31573135;138233991;5175588788;
31573135;5175588788;138234198;
34607518;25620653;25620570;
34607518;25620570;1106006327;
34607518;1106006327;2893389981;
34607518;2893389981;25620759;
34607518;25620759;2246086928;
34607518;2246086928;2246054719;
34607518;2246054719;25620737;
34607518;25620737;25620947;
34607518;25620947;3388020773;
34607518;3388020773;3388020769;
34607518;3388020769;25620960;
34683791;137831896;137831895;
34684086;111481288;4554258208;
34684086;4554258208;3387597049;
35171965;138234198;2466949472;
35171965;2466949472;5175588787;
35171965;5175588787;4556366835;
35171965;4556366835;1684843635;
35171965;1684843635;138231433;
35171965;138231433;1548165654;
35171965;1548165654;2207661589;
35171965;2207661589;2207661591;
35171965;2207661591;2207661590;
35171965;2207661590;5051610943;
39658831;475410116;1788785406;
39658831;1788785406;3891282335;
39658831;3891282335;3891282336;
39658831;3891282336;3690885656;
39658831;3690885656;2293611903;
39658831;2293611903;2473711658;
39668434;25620948;475544038;
39668434;475544038;1684844083;
39668434;1684844083;3387597836;
39668434;3387597836;3387597834;
39668434;3387597834;1684844050;
39668885;4097873927;4097873928;
39668885;4097873928;3978884718;
39668885;3978884718;3388020783;
39668885;3388020783;5476716964;
39668885;5476716964;2354158012;
39668885;2354158012;4945762790;
39668885;4945762790;4945762789;
39669069;2213482387;2213482379;
39669069;2213482379;2213482407;
39669069;2213482407;2213482442;
39669069;2213482442;475548530;
39669178;2213482442;2213495315;
39669178;2213495315;2213495295;
39669178;2213495295;2213495280;
39669178;2213495280;2213495375;
39669178;2213495375;475549313;
39669178;475549313;475550565;
39669178;475550565;475549314;
39669178;475549314;475549315;
39669178;475549315;475796338;
39669178;475796338;138223440;
39669207;475549495;475549497;
39669207;475549497;2213321456;
39669380;2213380800;475550923;
39670022;2255178540;2255280881;
39670022;2255280881;2255280883;
39670022;2255280883;2213201783;
39670022;2213201783;2213201789;
39670022;2213201789;2213201795;
39670022;2213201795;2213201786;
39670022;2213201786;2213201790;
39670022;2213201790;2213201784;
39670022;2213201784;2213201785;
39670022;2213201785;2213201788;
39670022;2213201788;2915025634;
39670022;2915025634;2213201787;
39670022;2213201787;2213201792;
39670022;2213201792;2213131483;
39670043;2213131520;475556854;
39670043;475556854;475556853;
39670043;475556853;475556852;
39670043;475556852;3391597632;
39670043;3391597632;3391597633;
39670043;3391597633;2915001115;
39670043;2915001115;1107381197;
39670043;1107381197;2256129231;
39670043;2256129231;2256129244;
39670043;2256129244;2256129242;
39670043;2256129242;2256129233;
39670043;2256129233;2256129232;
39670412;475555577;475561161;
39670412;475561161;2213334724;
39670412;2213334724;2213321463;
39670422;129558556;2382520653;
39670422;2382520653;2382520652;
39670422;2382520652;2382520651;
39670422;2382520651;2382520662;
39670422;2382520662;1788784965;
39670422;1788784965;2247390916;
39670422;2247390916;4529953574;
39670422;4529953574;475561164;
39670422;475561164;2213321507;
39670422;2213321507;2213218020;
39670422;2213218020;2213334713;
39670422;2213334713;2213334712;
39670422;2213334712;2213334714;
39670422;2213334714;2213334725;
39670422;2213334725;2213334720;
39670422;2213334720;2213334721;
39670422;2213334721;2213334724;
39670508;475568776;475561984;
39670508;475561984;1684844117;
39670508;1684844117;475561985;
39670508;475561985;475561986;
39670508;475561986;475561987;
39670508;475561987;2255178516;
39670508;2255178516;4529953571;
39670508;4529953571;2255075997;
39670518;2255075997;2255178502;
39670518;2255178502;4595511223;
39670518;4595511223;4595511222;
39670518;4595511222;2255178474;
39670518;2255178474;4595511221;
39670518;4595511221;2255178490;
39670518;2255178490;2255178513;
39670518;2255178513;2255178518;
39670518;2255178518;4595511220;
39670518;4595511220;2255178527;
39670518;2255178527;2255178540;
39670518;2255178540;475555577;
39670525;2213201783;1112148216;
39670525;1112148216;2255425784;
39670525;2255425784;2255364514;
39670525;2255364514;2255364501;
39670525;2255364501;2489771464;
39671211;475568688;475568776;
39679893;2211312968;3392710645;
39679893;3392710645;2206393141;
39679893;2206393141;2204255049;
39679893;2204255049;475724497;
39679893;475724497;2206428157;
39679893;2206428157;2211286046;
39679893;2211286046;2211286029;
39679967;2211312968;2211312954;
39679967;2211312954;3392710651;
39679967;3392710651;4554401292;
39679967;4554401292;2206337046;
39679967;2206337046;4555699314;
39679967;4555699314;476009976;
39679967;476009976;4555699311;
39679967;4555699311;3392710659;
39679967;3392710659;475725586;
39679967;475725586;1277590625;
39679967;1277590625;475725587;
39679967;475725587;475725589;
39679967;475725589;4555699312;
39679967;4555699312;3398946367;
39679967;3398946367;475725591;
39679967;475725591;4555697401;
39679967;4555697401;3392939425;
39679967;3392939425;1277601207;
39682329;475737524;3392711318;
39682329;3392711318;475737526;
39682329;475737526;475737527;
39682329;475737527;475737529;
39682329;475737529;3387597082;
39682329;3387597082;475737531;
39685406;2204446901;2204447005;
39685406;2204447005;2204446966;
39685406;2204446966;2204446951;
39685406;2204446951;2204446942;
39685406;2204446942;2206208148;
39690284;5051610943;4673335534;
39690284;4673335534;2466286891;
39690284;2466286891;2466286885;
39690284;2466286885;2205504451;
39690472;475876236;475876237;
39690472;475876237;2205918899;
39690472;2205918899;475876238;
39690472;475876238;2356692360;
39690472;2356692360;475876239;
39690472;475876239;475876242;
39690472;475876242;475877747;
39701842;1143317472;3392939431;
39701842;3392939431;2204446917;
39701842;2204446917;2205076702;
39701846;2466286913;4925408906;
39701846;4925408906;4925408905;
39701846;4925408905;2205504451;
51230332;1554886175;3098121120;
51230332;3098121120;3098121124;
51230332;3098121124;128680158;
52704506;668955253;2335399819;
95841157;285945203;1110673598;
95841157;1110673598;1874214575;
96151239;122549700;1827037245;
96151239;1827037245;1827037244;
96151239;1827037244;674753639;
96151239;674753639;2258300905;
96151239;2258300905;111479498;
96151239;111479498;111479500;
96151239;111479500;3391597643;
96151239;3391597643;111479501;
96151239;111479501;111479502;
96151239;111479502;2478900160;
96151239;2478900160;111479503;
96151239;111479503;1788784885;
96151239;1788784885;111479504;
96151239;111479504;111479505;
96151239;111479505;2478887497;
96151239;2478887497;2478887472;
96151239;2478887472;286969943;
96151239;286969943;111479506;
96151239;111479506;111479507;
98835856;4925459193;4925459189;
98835856;4925459189;4925459192;
98835856;4925459192;4925459191;
98835856;4925459191;4552662441;
98835856;4552662441;1143318426;
107430880;1234709031;2086432786;
107430880;2086432786;1234709025;
107430880;1234709025;3392711329;
107430880;3392711329;2247240229;
107430880;2247240229;2247240242;
107430880;2247240242;2247240246;
107430880;2247240246;2247240235;
110334887;129558976;4679272915;
110334887;4679272915;1279795709;
110334887;1279795709;475555174;
110334887;475555174;475555175;
110334887;475555175;1279795688;
110334887;1279795688;475552091;
112064480;4556255874;1274830124;
112064480;1274830124;4556236525;
112064480;4556236525;5175588786;
112064480;5175588786;1274830123;
112064480;1274830123;138234198;
112448957;111481288;2356350502;
112448957;2356350502;2356536980;
112448957;2356536980;4529130481;
112448957;4529130481;129559334;
112631100;2213131596;2213112078;
112631100;2213112078;475555187;
112631504;475548530;475549051;
112631504;475549051;475550923;
112631504;475550923;475551227;
112631504;475551227;475549495;
112631504;475549495;2211383251;
112635323;345296684;3392711333;
112635323;3392711333;3392711331;
112635323;3392711331;2086439489;
112635323;2086439489;2383617372;
112635323;2383617372;1684844430;
125102901;2208891083;5476716948;
125102901;5476716948;4027074709;
125102901;4027074709;5476716947;
125102901;5476716947;5476716949;
125102901;5476716949;2927055765;
125102901;2927055765;1390263738;
125102902;1390263696;2721972082;
125102902;2721972082;4921101771;
125102902;4921101771;2721972096;
125102902;2721972096;2721972098;
125102902;2721972098;1390263684;
125102904;1390263755;2927055779;
125102904;2927055779;2927055762;
125102904;2927055762;2721972084;
125102904;2721972084;4920992108;
133211822;475568688;1465936274;
133211822;1465936274;1465936272;
133211822;1465936272;1465936270;
133211822;1465936270;1465936269;
133211822;1465936269;1465936268;
133211822;1465936268;1465936267;
133211822;1465936267;1465936266;
133211822;1465936266;1465936265;
133211822;1465936265;1465936264;
133211822;1465936264;1465936263;
133211822;1465936263;1107381201;
133211822;1107381201;2269315823;
133211822;2269315823;2269315819;
133211822;2269315819;2269315824;
133211822;2269315824;2269315825;
133211822;2269315825;2269315826;
133211822;2269315826;1684865532;
133211822;1684865532;2269315822;
133211822;2269315822;2269315821;
133211822;2269315821;2269315820;
133211822;2269315820;475708335;
141444180;1548165654;1548165659;
141444180;1548165659;2204210208;
141444180;2204210208;2466742471;
141444180;2466742471;2466943669;
141444180;2466943669;2466742472;
141444180;2466742472;138231433;
141444234;138234001;1548165850;
141444234;1548165850;4488753793;
141444234;4488753793;4562170435;
141444234;4562170435;1788784916;
141444234;1788784916;4488753792;
141444234;4488753792;1548165853;
141444234;1548165853;4559380170;
141444234;4559380170;1548165856;
141444234;1548165856;4562226811;
141444234;4562226811;1548165860;
141444234;1548165860;4559346931;
142214758;2208891059;4488753663;
142214758;4488753663;5476716945;
142214758;5476716945;129553667;
142214759;2335399819;4529953527;
142214759;4529953527;4529953533;
142214759;4529953533;2202026123;
142214759;2202026123;3891282331;
142214759;3891282331;4529953538;
142214759;4529953538;129553667;
142214759;129553667;2202026124;
142214759;2202026124;4529953537;
142214759;4529953537;3993126454;
142214759;3993126454;3392939436;
142214759;3392939436;475410116;
142214759;475410116;138234852;
142214763;2208891059;4529953547;
142214763;4529953547;2208686199;
142214763;2208686199;2208686190;
142214763;2208686190;2208686206;
142214763;2208686206;3992990333;
142214763;3992990333;3992990337;
142214763;3992990337;3992990334;
154505299;2216360362;2216360315;
154505299;2216360315;2216360296;
154505299;2216360296;4558796667;
154505299;4558796667;4558796666;
154505299;4558796666;4558796673;
156208919;1386063701;1386063711;
156208919;1386063711;1386063700;
156208919;1386063700;2273290991;
156208919;2273290991;2413940878;
156208919;2413940878;2413940894;
156208919;2413940894;2413940893;
156208919;2413940893;2413940882;
156208919;2413940882;1386063691;
156211619;25632363;1684865543;
156211619;1684865543;2250794621;
156211620;25632363;2511003053;
156211620;2511003053;2511003062;
156211620;2511003062;1684865542;
165660759;112686793;2352439937;
167487397;1788784962;1788784961;
167487479;1788784895;1296455237;
167487479;1296455237;3391597620;
167487479;3391597620;1788784885;
167487491;2255087253;1788784968;
167487491;1788784968;1788784963;
167487491;1788784963;1788784962;
167487529;1788784923;1788784918;
167487529;1788784918;3391597630;
167487529;3391597630;1788784895;
167487529;1788784895;1788784881;
167487529;1788784881;475564016;
173072170;2218529670;2218529707;
173072170;2218529707;2218529671;
173072170;2218529671;2218529685;
173072170;2218529685;1838975580;
174689857;25620947;2246033646;
174689857;2246033646;25620948;
190128487;138234852;2337036559;
190128487;2337036559;138235495;
190128487;138235495;3993126224;
190128487;3993126224;3554720444;
190128487;3554720444;3554720446;
190128487;3554720446;25620747;
190128490;1386051842;1684844453;
197434949;129559333;2319991795;
197434949;2319991795;1390263696;
197464423;1684844453;2246222549;
197464424;1684844453;2681416135;
197464424;2681416135;2077034851;
197464424;2077034851;345296684;
197464424;345296684;2077034852;
197464424;2077034852;2383470259;
197464424;2383470259;2383414313;
198515507;2383626819;2086439487;
198515507;2086439487;2086439488;
198515507;2086439488;2383626807;
198515507;2383626807;2383626811;
198515507;2383626811;2383626829;
198515579;2086439972;2246172379;
198515579;2246172379;2246172380;
198515579;2246172380;2246172378;
198515579;2246172378;2086439969;
198515580;2086439970;3392711324;
198515580;3392711324;3392711325;
198515580;3392711325;2086439973;
198515580;2086439973;3392711323;
198515580;3392711323;2086439972;
198515581;2086439968;2086439971;
198515581;2086439971;2086439974;
198515581;2086439974;2086439970;
198515632;2086440304;2086440300;
198515632;2086440300;2086440306;
198515632;2086440306;2086440308;
198515632;2086440308;4529953566;
198515632;4529953566;2086440302;
198515632;2086440302;138220017;
206720846;129553665;3891282353;
206720846;3891282353;2375804624;
206720846;2375804624;2322744401;
206720846;2322744401;4529953496;
206720846;4529953496;129553875;
206720846;129553875;4529953502;
206720846;4529953502;129554561;
206720846;129554561;2308862124;
210073281;2202026143;3391598650;
210073281;3391598650;2511400204;
210073281;2511400204;2511443158;
210073281;2511443158;2202026135;
210073293;2202026135;2202026133;
210073293;2202026133;2202026125;
210073295;2202026075;2202026080;
210073295;2202026080;2202026086;
210073297;2202026125;2202026126;
210073297;2202026126;2511572396;
210073297;2511572396;2202026135;
210073302;2202026085;2202026084;
210073302;2202026084;2202026077;
210073302;2202026077;2202026076;
210073302;2202026076;2307244303;
210073302;2307244303;2202026083;
210073302;2202026083;2202026095;
210328149;2204099858;4529953552;
210328149;4529953552;5118553691;
210328149;5118553691;2208686217;
210336696;3392939436;3392939435;
210336696;3392939435;2925471785;
210336696;2925471785;2204179817;
210336696;2204179817;2204179963;
210336696;2204179963;2243316090;
210336696;2243316090;2243316041;
210336696;2243316041;2243316074;
210336697;138233064;4027068552;
210336697;4027068552;4027068570;
210336698;2204179799;2204179990;
210336698;2204179990;2204179954;
210336698;2204179954;2204179952;
210336707;2204179963;2204179820;
210336707;2204179820;3993021524;
210336707;3993021524;4097873936;
210336707;4097873936;3993021523;
210339821;2204210316;2926993939;
210339821;2926993939;2926993940;
210339821;2926993940;2204210283;
210339821;2204210283;3387597068;
210339821;3387597068;2204210207;
210339822;1548165659;2204210263;
210339822;2204210263;2466715276;
210339822;2466715276;2466943130;
210339822;2466943130;2466715273;
210339822;2466715273;2466715278;
210339822;2466715278;2204210273;
210339822;2204210273;3392939428;
210339822;3392939428;2927076257;
210346011;1274830100;5342917063;
210346011;5342917063;4556236529;
210346011;4556236529;2204255126;
210346011;2204255126;2204255056;
210346011;2204255056;2204255037;
210346011;2204255037;2927137133;
210346011;2927137133;2204255125;
210346011;2204255125;2927137116;
210346011;2927137116;3392939426;
210365854;475873985;3392711308;
210365854;3392711308;475876246;
210365858;2206208148;2270441292;
210365858;2270441292;2270441291;
210365858;2270441291;2270441288;
210365858;2270441288;2270441289;
210365858;2270441289;2270441293;
210365858;2270441293;2270441290;
210365858;2270441290;2206208144;
210365858;2206208144;475876236;
210365858;475876236;2204446886;
210365858;2204446886;2204446938;
210365858;2204446938;5320177921;
210365858;5320177921;3387597811;
210365858;3387597811;2356731137;
210365858;2356731137;3092601790;
210365861;476009975;3387597056;
210365861;3387597056;2204446939;
210365861;2204446939;3387597057;
210365861;3387597057;129559334;
210365864;475876246;3387597069;
210365864;3387597069;2204446947;
210365864;2204446947;2204447000;
210365864;2204447000;2204447002;
210365864;2204447002;2204446921;
210365864;2204446921;2204446977;
210365864;2204446977;2204446981;
210365864;2204446981;2204446983;
210365864;2204446983;2204446907;
210365864;2204446907;2204446866;
210365864;2204446866;2204446953;
210365864;2204446953;2204446974;
210365864;2204446974;2204446937;
210365864;2204446937;2204446861;
210365864;2204446861;476009975;
210444158;2256217209;2466263947;
210444158;2466263947;2205627342;
210444160;475873985;2205076669;
210444160;2205076669;2205076695;
210444160;2205076695;2205076660;
210444160;2205076660;2205076670;
210444161;2205076678;2204446946;
210444161;2204446946;1143318547;
210444161;1143318547;475873985;
210444168;2205076702;2205076678;
210507317;2204446937;2205918468;
210507317;2205918468;2205918681;
210507317;2205918681;2205918851;
210507317;2205918851;2205918807;
210507317;2205918807;2205918495;
210507317;2205918495;2205918409;
210507317;2205918409;2206194705;
210541437;1684843635;2466943132;
210831460;2204099858;4027091849;
210831460;4027091849;2208686220;
210831460;2208686220;3130312347;
210851328;2208891134;1554874616;
210851328;1554874616;2208891049;
210851328;2208891049;4925189617;
210851328;4925189617;2208891083;
210851328;2208891083;2208891198;
210851328;2208891198;2208891030;
210851328;2208891030;2208891162;
210851328;2208891162;2208891126;
210851328;2208891126;3392939433;
210851328;3392939433;2208891144;
210851328;2208891144;2208891067;
210851328;2208891067;2208891039;
210851328;2208891039;2208891038;
210851328;2208891038;2208891042;
210851328;2208891042;2208891057;
210851328;2208891057;1556436651;
210851328;1556436651;2208891025;
210851328;2208891025;2243071720;
210851328;2243071720;2208891059;
211119459;3457190272;4679272904;
211119459;4679272904;129558976;
211119460;2211241776;2211264997;
211119460;2211264997;2211264991;
211119460;2211264991;2211264998;
211119461;2211264999;2211265001;
211119461;2211265001;2211264995;
211119461;2211264995;2211264990;
211119461;2211264990;2211241776;
211120097;2211286029;2326539819;
211120097;2326539819;2326539818;
211120097;2326539818;2326539820;
211120097;2326539820;4999529509;
211120097;4999529509;2211286035;
211120097;2211286035;2211286064;
211120097;2211286064;2211286023;
211120097;2211286023;2206451106;
211122347;3387597049;2211299275;
211122347;2211299275;2211312992;
211122347;2211312992;2211312977;
211122347;2211312977;2211312952;
211122347;2211312952;2211312949;
211122347;2211312949;2211312946;
211122347;2211312946;2211312953;
211122347;2211312953;2211312968;
211127713;2211312992;2211312942;
211127713;2211312942;2211312982;
211127713;2211312982;2211312955;
211127713;2211312955;2211312956;
211127713;2211312956;2211312960;
211127713;2211312960;2211312962;
211127713;2211312962;2211312954;
211292798;475552091;2213112135;
211292798;2213112135;2213112085;
211292798;2213112085;2213112121;
211292806;2213112078;3392711299;
211292806;3392711299;2213099864;
211292806;2213099864;2213112107;
211292806;2213112107;2213112099;
211297734;2213112121;2213131478;
211297734;2213131478;2213131477;
211297734;2213131477;2217981208;
211297734;2217981208;2213131476;
211297734;2213131476;2213131428;
211297734;2213131428;2213131564;
211297734;2213131564;2213131562;
211297734;2213131562;2213131558;
211297734;2213131558;2213131485;
211297734;2213131485;2213131616;
211297734;2213131616;2213131568;
211297734;2213131568;2213131556;
211297734;2213131556;2213131498;
211297734;2213131498;2213131570;
211297734;2213131570;2213131594;
211297734;2213131594;2213131596;
211297737;2213131485;2213131581;
211297737;2213131581;2213131503;
211297737;2213131503;2213131488;
211297737;2213131488;2213131527;
211297737;2213131527;2213131573;
211297737;2213131573;2213131471;
211297737;2213131471;2213131541;
211297737;2213131541;2213131500;
211297737;2213131500;2213131492;
211297737;2213131492;2213131522;
211297742;2213131522;2213131426;
211297742;2213131426;2213131518;
211297742;2213131518;2213131506;
211297742;2213131506;2213131483;
211297742;2213131483;2213131560;
211297742;2213131560;2213131481;
211297742;2213131481;2217981203;
211297742;2217981203;2213131520;
211297746;2213131478;2213131437;
211297746;2213131437;2213131611;
211297746;2213131611;2213131516;
211297746;2213131516;2213131480;
211297746;2213131480;2213131459;
211297746;2213131459;2213131472;
211297746;2213131472;2213131570;
211309273;475561161;2213218035;
211309273;2213218035;2213218016;
211314340;2213321452;2213321423;
211314340;2213321423;475552096;
211314340;475552096;475551223;
211314340;475551223;1676191729;
211314340;1676191729;2213380771;
211314340;2213380771;2213380807;
211314340;2213380807;2213380800;
211314340;2213380800;2213380797;
211314340;2213380797;2213380816;
211314340;2213380816;2213380818;
211314340;2213380818;2213435143;
211314340;2213435143;2213435120;
211314340;2213435120;2213435196;
211314340;2213435196;2213435177;
211314340;2213435177;2213435167;
211314340;2213435167;2213435124;
211314340;2213435124;2213447626;
211317178;2213321463;2213321442;
211317178;2213321442;2213321487;
211317178;2213321487;2213321491;
211317178;2213321491;2213321403;
211317178;2213321403;2213321384;
211317178;2213321384;2213321455;
211317178;2213321455;475552096;
211317179;2213321463;2213321498;
211317181;2213321420;2213321443;
211317181;2213321443;2213321459;
211317181;2213321459;2213321456;
211317181;2213321456;2213321502;
211317181;2213321502;2213321452;
211317181;2213321452;2213321439;
211317181;2213321439;2213321512;
211317181;2213321512;2213321500;
211317181;2213321500;2213321514;
211317181;2213321514;2213321490;
211317181;2213321490;2213321493;
211317181;2213321493;2213321475;
211317181;2213321475;2213321473;
211317181;2213321473;2213321498;
211317181;2213321498;2213321440;
211317181;2213321440;2213321482;
211317181;2213321482;2213321488;
211317181;2213321488;2213321446;
211317181;2213321446;2213321447;
211317181;2213321447;2213321429;
211317181;2213321429;2213321419;
211317181;2213321419;2213321495;
211317181;2213321495;2213321484;
211317181;2213321484;2213321426;
211317181;2213321426;2213321409;
211317181;2213321409;2213321420;
211337863;2213482387;2213482419;
211337863;2213482419;2213482412;
211337863;2213482412;129557542;
211337875;2213482407;2213482461;
211337875;2213482461;2213482440;
211337875;2213482440;2213482432;
211337875;2213482432;2213482457;
211337875;2213482457;2213482408;
211337875;2213482408;2213482415;
211337879;2213482442;2213482393;
211337879;2213482393;2213482447;
211337879;2213482447;2213482466;
211337879;2213482466;2213482420;
211337879;2213482420;2213482433;
211337879;2213482433;2213482415;
211436103;2214522449;475548529;
211436103;475548529;3130312337;
211436103;3130312337;129557542;
211482370;1274830100;2214936721;
211482370;2214936721;4556236525;
211483668;2214936721;4556247648;
211641909;2216241578;5175588785;
211641909;5175588785;138234198;
211641911;138231424;2216241588;
211641911;2216241588;4488753798;
211641911;4488753798;138231425;
211641911;138231425;4555727046;
211641911;4555727046;138231426;
211641911;138231426;1594849179;
211641911;1594849179;4488753800;
211641911;4488753800;138231427;
211641911;138231427;4488753801;
211641911;4488753801;2216241578;
211656637;1594804691;2216360288;
211656637;2216360288;2216360348;
211656637;2216360348;2216360352;
211656637;2216360352;2216360356;
211656637;2216360356;2216360290;
211656637;2216360290;2216360346;
211656637;2216360346;2216360287;
211656637;2216360287;2216360357;
211656637;2216360357;2216360342;
211656637;2216360342;138234001;
211656637;138234001;2216360362;
211737444;1670512103;2217013297;
211737444;2217013297;2217013304;
211737444;2217013304;2217013344;
211737444;2217013344;2217013324;
211737444;2217013324;2217013378;
211737444;2217013378;2217013347;
211737444;2217013347;2216473539;
211898766;137888646;2218334752;
211898766;2218334752;2218334795;
211898766;2218334795;2218334768;
211898766;2218334768;2218334802;
211898766;2218334802;2218334767;
211898766;2218334767;2218334780;
211898766;2218334780;2218334781;
211898766;2218334781;2218334786;
211898766;2218334786;2218334761;
211898766;2218334761;2218334757;
211898766;2218334757;2218334793;
211898766;2218334793;2218334760;
211898766;2218334760;2218334801;
211898766;2218334801;2218430262;
211898766;2218430262;4621517983;
211898766;4621517983;2218430233;
211898766;2218430233;2218430241;
211898766;2218430241;2218430250;
211898766;2218430250;2218430249;
211898766;2218430249;2218430251;
211898766;2218430251;2218430236;
211898766;2218430236;2218430261;
211898766;2218430261;2218430228;
211898766;2218430228;2218430244;
211898766;2218430244;2218430231;
211898766;2218430231;2218430259;
211898766;2218430259;2218430260;
211898766;2218430260;2218430257;
211898766;2218430257;2218430248;
211898766;2218430248;4621710596;
211898766;4621710596;2325018408;
211898766;2325018408;2325018404;
211898766;2325018404;2325018389;
211898767;2218430236;2218430235;
211898767;2218430235;2218334762;
211898767;2218334762;4621710597;
211898767;4621710597;2218334789;
211898767;2218334789;2325018391;
211898767;2325018391;2325018426;
211898768;2218430250;4621518010;
211898768;4621518010;2218430254;
211898768;2218430254;4621710601;
211898768;4621710601;2325018406;
211898768;2325018406;4621518009;
211898768;4621518009;2325018399;
211898769;2218430228;2218430253;
211898769;2218430253;2218334798;
211898769;2218334798;4621710603;
211898769;4621710603;2325018385;
211898769;2325018385;2325018414;
211898769;2325018414;2325018383;
211898772;2218430261;2218430245;
211898772;2218430245;2218334784;
211898772;2218334784;4621710600;
211898772;4621710600;2218334797;
211898772;2218334797;2325018402;
211898772;2325018402;2325018412;
211898772;2325018412;2325018379;
211898774;2218430251;2218430243;
211898774;2218430243;2218334791;
211898774;2218334791;4621710604;
211898774;4621710604;2218334800;
211898774;2218334800;2325018393;
211898774;2325018393;2325018418;
211898774;2325018418;2325018422;
211905477;2218389456;4621618625;
211905477;4621618625;2218389428;
211911544;2218430244;2218430227;
211911544;2218430227;2218430225;
211911544;2218430225;4621710602;
211911544;4621710602;2325018388;
211911544;2325018388;2325018381;
211911544;2325018381;2325018420;
211924702;2218529670;2218529709;
211924702;2218529709;2218529674;
211924702;2218529674;2218529667;
211924702;2218529667;2218529700;
211924702;2218529700;2218529677;
211924702;2218529677;2218529668;
211924702;2218529668;2218529692;
211924702;2218529692;2218529690;
211924702;2218529690;2218529687;
212361874;2222190811;2222190669;
212361874;2222190669;2222190802;
212361874;2222190802;2222190442;
215135703;2245520803;2245520905;
215135703;2245520905;2245520831;
215135703;2245520831;2245520886;
215135703;2245520886;4526972109;
215135703;4526972109;2245520859;
215135703;2245520859;2245520867;
215135703;2245520867;2245520840;
215135703;2245520840;2245520814;
215162241;2245786941;2245786939;
215162241;2245786939;2245786936;
215162241;2245786936;2245786950;
215162241;2245786950;4526972112;
215162241;4526972112;2245786960;
215162241;2245786960;2245786961;
215162241;2245786961;2245786929;
215162241;2245786929;2245786927;
215162243;25620747;4526972116;
215162243;4526972116;25620743;
215194131;2246222549;138220134;
215194131;138220134;25620948;
215210562;138220017;138220019;
215210562;138220019;2246296620;
215210562;2246296620;2246296624;
215210562;2246296624;2246296603;
215210562;2246296603;2247054940;
215210562;2247054940;2378947607;
215210562;2378947607;2378947603;
215210562;2378947603;2246296607;
215301975;2246296620;2247054927;
215301975;2247054927;2247054936;
215301975;2247054936;2247054939;
215301975;2247054939;2247054916;
215301975;2247054916;2247054908;
215301975;2247054908;2247054917;
215301975;2247054917;2247054948;
215301975;2247054948;2247054920;
215301975;2247054920;2247054921;
215301975;2247054921;2247054918;
215301977;2247054918;2246296607;
215301977;2246296607;2247054932;
215301977;2247054932;2247054907;
215301977;2247054907;1684844412;
215301978;2247054935;2247054926;
215301978;2247054926;3387597822;
215301978;3387597822;2247054933;
215301978;2247054933;2247054949;
215301978;2247054949;2247054947;
215301978;2247054947;2247054911;
215301978;2247054911;2247054928;
215301978;2247054928;2247054929;
215301979;129557542;2247054930;
215301979;2247054930;2247054943;
215301979;2247054943;2247054934;
215309515;2247157848;2247157718;
215331280;2247371503;4526972160;
215331280;4526972160;2247375562;
215331280;2247375562;2247375568;
215331280;2247375568;2247375569;
215331280;2247375569;2247375546;
215331281;137831895;2247375557;
215331281;2247375557;2247371573;
215331281;2247371573;2247375538;
215331282;1234709025;3392711328;
215331282;3392711328;2247375543;
215331282;2247375543;2247375554;
215331282;2247375554;2247375536;
215331282;2247375536;2247375564;
215331285;2247375546;2247375571;
215331285;2247375571;2247375558;
215331285;2247375558;2247375555;
215331285;2247375555;137831896;
215605435;2273292142;3391598600;
215605435;3391598600;3391598603;
215605435;3391598603;2273206167;
215605435;2273206167;2250794612;
215605435;2250794612;2250794624;
215605436;2250794621;3387597844;
215605436;3387597844;2250794617;
215605436;2250794617;2250794625;
215605437;2250794625;2250794626;
216159806;2255075997;2255087247;
216159806;2255087247;2255087256;
216159806;2255087256;4529953572;
216159806;4529953572;2255087253;
216159806;2255087253;2255087244;
216159806;2255087244;2255087258;
216159806;2255087258;1788784965;
216159806;1788784965;2382520663;
216159806;2382520663;2382520644;
216159806;2382520644;2382520647;
216159806;2382520647;314549177;
216262193;475573498;2256129238;
216262193;2256129238;2256129239;
216262193;2256129239;2256129227;
216262193;2256129227;2256129232;
216262193;2256129232;2256129245;
216262193;2256129245;1788784923;
216269248;2205627342;2256214785;
216269248;2256214785;2256214788;
216269248;2256214788;2256214820;
216269248;2256214820;2256214807;
216269248;2256214807;2256214811;
216269248;2256214811;2256214795;
216269248;2256214795;2256214798;
216269248;2256214798;2256214824;
216269248;2256214824;2256214818;
216269248;2256214818;2256214792;
216269248;2256214792;2256214804;
216269248;2256214804;2205504451;
216274195;2207402779;2256269812;
216274195;2256269812;2256269855;
216274195;2256269855;3392710674;
216274195;3392710674;2256269823;
216416642;2257492183;475573790;
216483076;2511272020;2258215879;
216490935;2258300905;2258300911;
216490935;2258300911;2258300915;
216490935;2258300915;3391597647;
216490935;3391597647;2258300919;
216490935;2258300919;2258300913;
216490935;2258300913;2258300912;
216490935;2258300912;2258300914;
216490935;2258300914;2258300918;
216490935;2258300918;2258300923;
216490935;2258300923;2258300906;
216490935;2258300906;2258300917;
216490935;2258300917;2258300922;
216490935;2258300922;2258300921;
216490935;2258300921;2258300920;
216490935;2258300920;2258300910;
216490935;2258300910;2258300916;
216490935;2258300916;3391597653;
216490935;3391597653;2258300909;
216490935;2258300909;2258300907;
216490935;2258300907;2258300908;
216490935;2258300908;1827037244;
216891254;137868887;3387597794;
216891254;3387597794;3688773918;
216891254;3688773918;3688773917;
216891254;3688773917;3387597070;
216891254;3387597070;3387597061;
216891254;3387597061;2211264999;
216891254;2211264999;129559334;
216891255;2209225443;2326546548;
216891255;2326546548;2208969603;
216891255;2208969603;137873037;
216969809;1684844412;285944429;
216969809;285944429;2247371499;
216969809;2247371499;1684844430;
216969809;1684844430;2247371503;
216969809;2247371503;4526972161;
216969809;4526972161;2247375545;
216969809;2247375545;2247371502;
216969809;2247371502;1684844424;
216969809;1684844424;137831896;
216972581;286969224;2245786953;
216972581;2245786953;2245786974;
216972581;2245786974;3130311626;
216972581;3130311626;25620743;
216972581;25620743;2245786941;
216972581;2245786941;3130312343;
216972581;3130312343;2245520814;
216972801;2245520814;2245520901;
216972801;2245520901;3554720424;
216972801;3554720424;2245520806;
216972801;2245520806;3554720425;
216972801;3554720425;3400530627;
216972801;3400530627;2245520808;
216972801;2245520808;3554720428;
216972801;3554720428;2245520803;
217344337;129559334;2211264998;
217344337;2211264998;2356350474;
217344337;2356350474;4529130488;
217344337;4529130488;285910556;
217344337;285910556;4529131591;
217344337;4529131591;111481561;
217344337;111481561;3392710685;
217344337;3392710685;111481563;
217344337;111481563;2206589844;
217344337;2206589844;4527005384;
217344337;4527005384;4199223989;
217628814;2273284449;3391597686;
217628814;3391597686;475568688;
217628815;2273284449;3391597692;
217628815;3391597692;475568776;
217763622;2269310648;1465936268;
218011414;2273202433;2273202452;
218011414;2273202452;2273202455;
218011414;2273202455;2273202446;
218011414;2273202446;2273202426;
218011414;2273202426;2273202419;
218011414;2273202419;2273202458;
218011414;2273202458;2273202420;
218011414;2273202420;2273202425;
218011414;2273202425;2273202427;
218011414;2273202427;2273202463;
218011855;2273291018;3391598654;
218011855;3391598654;2273202463;
218011855;2273202463;2273206514;
218012128;2250794626;2273228336;
218012128;2273228336;2250794623;
218012128;2250794623;2250794624;
218012130;2250794624;2273209208;
218012130;2273209208;2273209220;
218012130;2273209220;2273209203;
218012130;2273209203;2273209201;
218012130;2273209201;2273209225;
218012130;2273209225;2273209223;
218012130;2273209223;2273209217;
218012130;2273209217;2273209218;
218012130;2273209218;2273209214;
218012130;2273209214;2273209210;
218012130;2273209210;2273209206;
218012130;2273209206;2273209212;
218012360;2250794612;2273210999;
218012360;2273210999;2273211004;
218014836;3387597842;3387597843;
218014836;3387597843;2273227501;
218014836;2273227501;2273227500;
218014836;2273227500;2273227499;
218014836;2273227499;2273227502;
218014837;2273227502;2273227498;
218014923;2273228349;2273228346;
218014923;2273228346;2273228352;
218014923;2273228352;2273228347;
218014923;2273228347;2273228359;
218014925;2273228348;2273228349;
218014926;2273228336;3391598626;
218014929;2273206167;2273231523;
218014929;2273231523;2273244634;
218014929;2273244634;2273228333;
218014929;2273228333;2273228348;
218015835;2250794620;3391598602;
218015835;3391598602;3391598605;
218015835;3391598605;2273234727;
218015835;2273234727;2273234774;
218015835;2273234774;2273234718;
218015835;2273234718;2273234698;
218015835;2273234698;2273234770;
218015835;2273234770;2273234775;
218015835;2273234775;2273234729;
218015835;2273234729;2273234717;
218015835;2273234717;2273234747;
218015835;2273234747;2273234772;
218015835;2273234772;2273234704;
218015835;2273234704;2273234759;
218015835;2273234759;2273234699;
218015835;2273234699;2273234750;
218015835;2273234750;2273234748;
218015835;2273234748;2273234753;
218015835;2273234753;2273234741;
218015835;2273234741;2273234725;
218015835;2273234725;2273234723;
218015835;2273234723;2273234742;
218015835;2273234742;2273234702;
218015835;2273234702;2273234763;
218015835;2273234763;2273234711;
218015835;2273234711;2273234743;
218015835;2273234743;2273234716;
218015835;2273234716;2273234730;
218016617;2273244661;2273244637;
218016617;2273244637;2273244640;
218016617;2273244640;2273244671;
218016617;2273244671;2273244669;
218016619;2273244636;2273244657;
218016619;2273244657;2273244663;
218016619;2273244663;2273244661;
218016619;2273244661;2273244656;
218016619;2273244656;2273244658;
218016619;2273244658;2273244664;
218016619;2273244664;2273244643;
218016619;2273244643;2273244630;
218016619;2273244630;2273244652;
218016619;2273244652;2273244634;
218016620;2273244657;2273244662;
218016620;2273244662;2273244650;
218016620;2273244650;2273244655;
218016620;2273244655;2273244651;
218016620;2273244651;2273244635;
218016620;2273244635;2273244631;
218016620;2273244631;2273244645;
218016621;2273244653;2273244636;
218016622;2273234772;2273244665;
218016622;2273244665;2273244660;
218016622;2273244660;2273244632;
218016622;2273244632;2273244647;
218016622;2273244647;2273244653;
218019037;2273291010;3387597845;
218019037;3387597845;2273269614;
218019037;2273269614;2273269611;
218019037;2273269611;2273269616;
218019037;2273269616;2273269594;
218019037;2273269594;2273270806;
218019037;2273270806;2273269593;
218019037;2273269593;2273269612;
218019037;2273269612;2273269601;
218019037;2273269601;2273269592;
218019037;2273269592;2273269600;
218019037;2273269600;2273269597;
218019037;2273269597;2273269596;
218019037;2273269596;2273269608;
218019037;2273269608;2273269588;
218019037;2273269588;2273269621;
218019037;2273269621;2273269604;
218019037;2273269604;2273269602;
218019037;2273269602;2273269598;
218019037;2273269598;2273269607;
218019037;2273269607;2273269625;
218019037;2273269625;2273269609;
218019037;2273269609;2273269615;
218019037;2273269615;2273269619;
218019037;2273269619;2273269595;
218019037;2273269595;2273269617;
218019037;2273269617;2273269623;
218019037;2273269623;2273269603;
218019037;2273269603;2273269591;
218019037;2273269591;2273270801;
218019037;2273270801;2273270814;
218019037;2273270814;2273270804;
218019037;2273270804;2273270811;
218019037;2273270811;2273270808;
218019037;2273270808;2273270813;
218019037;2273270813;2273270807;
218019037;2273270807;2273270812;
218019037;2273270812;2273270799;
218019037;2273270799;2273270809;
218019037;2273270809;2273270806;
218020117;128679581;2273284449;
218279465;2915004401;2257727226;
218279465;2257727226;475574663;
218279465;475574663;475564011;
218279465;475564011;2326533922;
218279465;2326533922;1788784923;
218279465;1788784923;475568452;
218279465;475568452;2256065290;
218279465;2256065290;3391597616;
218279465;3391597616;475564016;
218279465;475564016;3392711298;
218279465;3392711298;2256038389;
218279465;2256038389;2915001116;
220232893;138234852;4526972121;
220232893;4526972121;286968787;
220232893;286968787;2204099947;
220232893;2204099947;475410511;
221056168;4608623070;4608623069;
221056168;4608623069;2301095522;
221056168;2301095522;2301095524;
221056168;2301095524;2301095515;
221687617;2307242237;2307242183;
221687617;2307242183;2307242186;
221687617;2307242186;2307242217;
223053869;2927055788;2927055789;
223053869;2927055789;1390263750;
223053869;1390263750;1390263758;
223053869;1390263758;2927055780;
223053869;2927055780;2208650607;
223053869;2208650607;2927055777;
223053869;2927055777;2927055770;
223053869;2927055770;4025482697;
223053869;4025482697;2208650606;
223053869;2208650606;1390263755;
223053869;1390263755;4097873925;
223372788;2322744397;2322744390;
223372788;2322744390;2322744388;
223372788;2322744388;2322744393;
223372789;2322744417;2322744381;
223372791;2322744381;3392939443;
223372791;3392939443;2322744401;
223372794;2322744404;2322744417;
223372796;2322744393;2322744404;
223780992;2326546548;3891282119;
223780992;3891282119;3891282121;
223780992;3891282121;2326546549;
224854242;2337036559;2337036563;
224854242;2337036563;3392939437;
224854242;3392939437;2337036560;
226429775;2352569158;2352569132;
226429775;2352569132;2352569156;
226429775;2352569156;2352569141;
226429998;2352571062;2352571061;
226429998;2352571061;2352571059;
226429998;2352571059;2352571058;
226452170;2211383251;2211383286;
226452170;2211383286;475549048;
226908041;111481288;2356335584;
226908041;2356335584;2356335539;
226908041;2356335539;2356335549;
226908041;2356335549;2356335592;
226908041;2356335592;2080756633;
226908049;2080756633;2356335602;
226908049;2356335602;2356335559;
226908049;2356335559;2356335529;
226908049;2356335529;2356335615;
226908049;2356335615;111481288;
226909939;2356350502;2356350470;
226909939;2356350470;2356350494;
226909939;2356350494;4529130480;
226909939;4529130480;2356350497;
226909939;2356350497;2356350454;
226909939;2356350454;2356350457;
226909939;2356350457;2356350474;
226912646;2356376621;2356376611;
226912646;2356376611;2207399542;
226921792;111481848;2356465228;
226921792;2356465228;4529131595;
226921792;4529131595;2356505225;
226921792;2356505225;2356505218;
226921792;2356505218;2356505224;
226921792;2356505224;2356505222;
226921792;2356505222;4529131612;
226921792;4529131612;286969970;
226921951;2356505222;3392710691;
226921951;3392710691;2356465234;
226921951;2356465234;2356505220;
226921951;2356505220;2356505223;
226921951;2356505223;2356505221;
226921951;2356505221;2356505217;
226921951;2356505217;2356465227;
226921951;2356465227;3392710690;
226921951;3392710690;2356505224;
226921952;2356505218;3392711297;
226921952;3392711297;2356503866;
226921952;2356503866;2356505219;
226921952;2356505219;2356505216;
226921952;2356505216;2356503904;
226921952;2356503904;3392711295;
226921952;3392711295;2356505225;
228931095;129553665;3891282342;
228931095;3891282342;475413943;
228931095;475413943;2335432904;
228931095;2335432904;5320167751;
228931095;5320167751;129553667;
229784702;2383318867;2383318850;
229784702;2383318850;2383318889;
229784702;2383318889;2383318843;
229784702;2383318843;2247375538;
229784709;2383318855;2383318861;
229784709;2383318861;2383318871;
229784709;2383318871;2383270261;
229784709;2383270261;2383318877;
229784709;2383318877;2383318853;
229784709;2383318853;2383318868;
229784709;2383318868;2383318900;
229784709;2383318900;2383318877;
229784712;2383318863;2383318892;
229784713;2383318892;2383318855;
229784714;2383318861;2383318857;
229784714;2383318857;2383318858;
229784714;2383318858;2383318873;
229784714;2383318873;2383318856;
229784714;2383318856;2383318885;
229784714;2383318885;2383318869;
229784714;2383318869;2383318893;
229784714;2383318893;2383318847;
229784714;2383318847;2383318871;
229784715;2383318850;2383318899;
229784715;2383318899;2383318874;
229784715;2383318874;2383318884;
229784716;2383318867;2383318863;
229817535;2247371499;2383617372;
229817535;2383617372;2383617349;
229817535;2383617349;2383617391;
229817535;2383617391;2383617325;
229817535;2383617325;2383617407;
233055818;285944799;1554886148;
233055818;1554886148;1386063710;
233055818;1386063710;1386063713;
233055818;1386063713;1386063708;
233055818;1386063708;1386063694;
233055818;1386063694;1386063702;
233055818;1386063702;1386063696;
233055818;1386063696;285945203;
233232639;2415860179;2415901648;
238829173;2466286913;2466286911;
238829173;2466286911;2466286893;
238829173;2466286893;2466286912;
238829173;2466286912;2466286889;
238829173;2466286889;2466286886;
238829173;2466286886;2466286891;
238831062;1143318426;2352661451;
238831062;2352661451;2466286908;
238831062;2466286908;2466286887;
238831062;2466286887;2466286900;
238831062;2466286900;2466286913;
238831761;2204446901;2204446946;
238872916;112686789;2204446914;
238872916;2204446914;2204446899;
238872916;2204446899;2204446988;
238872916;2204446988;1277601207;
238872916;1277601207;1771990365;
238872916;1771990365;112686794;
238872916;112686794;5342917065;
238872916;5342917065;1274830098;
238872916;1274830098;2216386471;
238872916;2216386471;4559387635;
238872916;4559387635;112688566;
238872916;112688566;4559387634;
238872916;4559387634;1548165842;
238872916;1548165842;2276132334;
238872916;2276132334;112688570;
238872916;112688570;112688573;
238872916;112688573;112688575;
238872916;112688575;112688576;
238872916;112688576;2276132366;
238872916;2276132366;112688578;
238872916;112688578;3385332310;
238872916;3385332310;112688580;
238872916;112688580;3385332308;
238872916;3385332308;3385332307;
238872916;3385332307;112688582;
238872916;112688582;4856638649;
238873106;2466702735;2466702734;
238873106;2466702734;2466957785;
238873106;2466957785;2466957786;
238873106;2466957786;2204210266;
238912242;4558789393;4558789392;
238912242;4558789392;2467211956;
238912242;2467211956;2467211949;
238912242;2467211949;2467211937;
238912242;2467211937;2467211943;
238912242;2467211943;2467211972;
238912242;2467211972;2467211966;
238912242;2467211966;2467211960;
238912242;2467211960;2467211962;
238912242;2467211962;2927183102;
240124255;2478887497;3392710684;
240124255;3392710684;2256240194;
240124255;2256240194;2478887462;
240124255;2478887462;2478887470;
240124256;2478887464;2478887504;
240124256;2478887504;2478891313;
240124256;2478891313;3392710681;
240124256;3392710681;2478887472;
240124257;2478887464;2478887470;
240124257;2478887470;2478887514;
240124257;2478887514;2478887501;
240124257;2478887501;2478887473;
240124257;2478887473;2478887493;
240124257;2478887493;2478887507;
240124257;2478887507;2478887466;
240124257;2478887466;2478887503;
240124257;2478887503;2478887477;
240124257;2478887477;2478887499;
240124257;2478887499;2478887495;
240124257;2478887495;2478887527;
240124257;2478887527;2478887460;
240124257;2478887460;2478887516;
240124257;2478887516;2478887522;
240124257;2478887522;2478887475;
240124257;2478887475;2478887526;
240124257;2478887526;2478887468;
240124257;2478887468;2478887491;
240124257;2478887491;2478887528;
240124257;2478887528;2478887524;
240124257;2478887524;2478887529;
240124257;2478887529;2478887488;
240124257;2478887488;2478887479;
240124257;2478887479;2478887531;
240124257;2478887531;2478887511;
240124257;2478887511;2478887512;
240124257;2478887512;2478887484;
240124257;2478887484;2478887480;
240124257;2478887480;2478887490;
240124257;2478887490;2478887482;
240124257;2478887482;2478887486;
240124257;2478887486;2478887509;
240124257;2478887509;2478887530;
240124257;2478887530;2478887464;
240126041;2478900184;2478900176;
240126041;2478900176;2478900154;
240126041;2478900154;2478900170;
240126041;2478900170;2478900156;
240126041;2478900156;2478900164;
240126041;2478900164;2966757364;
240126041;2966757364;2478900174;
240126042;2478900174;2478900166;
240126042;2478900166;2478900186;
240126042;2478900186;2478900188;
240126042;2478900188;2478900178;
240126042;2478900178;2478900172;
240126042;2478900172;2478900144;
240126042;2478900144;2478900142;
240126042;2478900142;2478900158;
240126042;2478900158;2478900168;
240126042;2478900168;2478900159;
240126042;2478900159;2478900150;
240126042;2478900150;2478900151;
240126042;2478900151;2478900152;
240126042;2478900152;2478900162;
240126042;2478900162;2478900157;
240126042;2478900157;2478900153;
240126042;2478900153;2478900174;
240126043;2478900152;2478900182;
240126043;2478900182;2478900146;
240126043;2478900146;2478900180;
240126043;2478900180;2478900148;
240126043;2478900148;2478900139;
240126043;2478900139;2478900184;
240126044;2478900184;2256258943;
240126044;2256258943;3391597627;
240126044;3391597627;2478900160;
241247623;2489384185;2268201064;
241248489;475573790;2257662640;
241248489;2257662640;2915025618;
241248489;2915025618;2915025629;
241248489;2915025629;2915025612;
241248489;2915025612;2915025611;
241248489;2915025611;2915025635;
241248489;2915025635;2915025632;
241248490;2915025632;2915025616;
241248490;2915025616;1684889100;
241248490;1684889100;1684889097;
241248490;1684889097;2256129246;
241248490;2256129246;2256129240;
241248490;2256129240;3391597642;
241248490;3391597642;2915001101;
241248490;2915001101;2256129236;
241248490;2256129236;475573498;
243767583;2511367922;2511367932;
243767583;2511367932;2511367936;
243767583;2511367936;2511367917;
243767583;2511367917;2511367945;
243767583;2511367945;2511379818;
243767583;2511379818;2511367997;
243767583;2511367997;2511367894;
243767583;2511367894;2511367941;
243767583;2511367941;2511367943;
243767583;2511367943;2511367952;
243767583;2511367952;2511367925;
243767583;2511367925;2511368005;
243767583;2511368005;2511368011;
243767583;2511368011;2511368008;
243767583;2511368008;2511367890;
243767583;2511367890;2511367991;
243767583;2511367991;2511367911;
243767583;2511367911;2511367900;
243767583;2511367900;2511367905;
243767583;2511367905;2511367934;
243767583;2511367934;2511367903;
243767585;2511367932;2511367927;
243767585;2511367927;2511367987;
243767585;2511367987;2511367982;
243767585;2511367982;2511367940;
243767585;2511367940;2511368013;
243767585;2511368013;2511367985;
243767585;2511367985;2511367950;
243767585;2511367950;2511367948;
243767585;2511367948;2511367919;
243767585;2511367919;2511367914;
243767585;2511367914;2511368013;
252518644;138218138;3391597680;
252518644;3391597680;2511664799;
252518644;2511664799;2516423406;
252518644;2516423406;3391598593;
252518644;3391598593;128679581;
252526951;25632411;3690516791;
252526951;3690516791;25632412;
252526951;25632412;3697722647;
252526951;3697722647;3698158383;
252526951;3698158383;3698101866;
252526951;3698101866;4529953494;
252526951;4529953494;129553875;
252526951;129553875;4529953499;
252526951;4529953499;2352571062;
252526951;2352571062;2352569141;
252526951;2352569141;4529953529;
252526951;4529953529;129554083;
258853578;2641682868;1554886190;
258853578;1554886190;3387597842;
258853578;3387597842;1554886169;
258853578;1554886169;3391598632;
258853578;3391598632;1554886128;
258853578;1554886128;1554886165;
258853578;1554886165;1554886135;
258853578;1554886135;3391598611;
258853578;3391598611;1554886156;
258853578;1554886156;2641682864;
258853578;2641682864;2641682886;
258853578;2641682886;2641682874;
258853578;2641682874;2641682881;
258853578;2641682881;2641682884;
258853578;2641682884;3391598597;
258853578;3391598597;2641682879;
258853579;137831895;2086432785;
258853579;2086432785;137831894;
258853579;137831894;2383626829;
258853579;2383626829;2247375538;
258853580;2247375538;2383318884;
258853580;2383318884;2247240235;
258853580;2247240235;2247375564;
258853580;2247375564;3098121112;
258853580;3098121112;1554886175;
258853581;2641682868;2641682870;
258853581;2641682870;3098121126;
258853581;3098121126;2641682876;
258853581;2641682876;3098121125;
258853581;3098121125;1684865535;
258853581;1684865535;1684865534;
258853581;1684865534;128679581;
259888928;2641682879;2273292142;
259888928;2273292142;2250794620;
259888928;2250794620;2273292282;
259888928;2273292282;3098121116;
259888928;3098121116;128680158;
275860210;4027068570;2204179952;
289161877;4556361546;1881170119;
289161877;1881170119;1881170124;
289161877;1881170124;1881170115;
289161877;1881170115;4556361545;
289161877;4556361545;1881170117;
289161877;1881170117;2216473539;
289161877;2216473539;138233991;
289165980;4621547671;4621536289;
289165980;4621536289;4621536294;
289165980;4621536294;4621547670;
304682487;25620960;2681412868;
304682487;2681412868;3130312346;
304682487;3130312346;2209225441;
304682487;2209225441;2209225431;
304682487;2209225431;2209225425;
304682487;2209225425;3457211714;
304682487;3457211714;2209225443;
304684297;3092601790;3092601796;
304684297;3092601796;2208159169;
304684297;2208159169;3554720399;
304684297;3554720399;137868887;
304684302;3554720418;2399723033;
304684302;2399723033;5118553704;
304684302;5118553704;3891282147;
304684302;3891282147;3554720402;
304684302;3554720402;3554720401;
304684302;3554720401;2319991800;
304684302;2319991800;2319991795;
304684788;3092618005;3092618006;
304684788;3092618006;2337036563;
307804459;3130312347;2208686218;
307804459;2208686218;4025528392;
307804459;4025528392;4025528394;
307804459;4025528394;4025528390;
307804459;4025528390;4025528395;
307804459;4025528395;2204100011;
307804460;3130312337;2213482396;
307804460;2213482396;2213482478;
307804460;2213482478;2213482387;
307804461;3130312347;3092601795;
307804461;3092601795;3130311623;
307804461;3130311623;129559333;
331655265;3387597068;3387597065;
331655265;3387597065;3387597064;
331655265;3387597064;3387597062;
331655265;3387597062;3387597072;
331655265;3387597072;3387597074;
331655265;3387597074;3387597076;
331655265;3387597076;3387597091;
331655267;3387597797;3387597796;
332053100;3391598626;2273228341;
332154457;2356455876;2207615982;
332154459;3392711296;2356350471;
332154461;3392710668;2207615957;
332154468;3392710635;3392710633;
332154468;3392710633;3392710631;
332154471;3392710659;3392710653;
332154471;3392710653;2204347316;
332154473;2207616003;3392710668;
332154473;3392710668;3392710671;
332154473;3392710671;4927256633;
332154473;4927256633;2207615946;
332154474;2204347279;3392710637;
332154474;3392710637;3392710638;
332154474;3392710638;3392710645;
332154475;3392711294;3392711296;
332154475;3392711296;2356350443;
332154476;2356455880;3392710678;
332154476;3392710678;2207616102;
332154477;3392710651;3392710643;
332154477;3392710643;3392710644;
332154477;3392710644;3392710646;
332154477;3392710646;2204347361;
332154478;3392710654;3392710648;
332154478;3392710648;3392710639;
332154478;3392710639;3392710642;
332154478;3392710642;3392710635;
332154478;3392710635;3392710632;
332154478;3392710632;3392710634;
332154478;3392710634;3392710636;
332760592;1142605196;1142607113;
332760623;1142607113;1142608335;
332760623;1142608335;3398946287;
332760631;3398946295;1142607770;
332760631;1142607770;3398946291;
332760631;3398946291;1142605196;
332930935;3400530625;2486815125;
332930938;3400530624;2486815076;
332930946;2486815264;3400530624;
332930946;3400530624;3400530625;
332930946;3400530625;2486815215;
349620089;3092601790;129559333;
349620090;138230335;3397147923;
349620090;3397147923;2206233230;
349620090;2206233230;4925459193;
349620090;4925459193;2356731134;
349620090;2356731134;3092601790;
349620091;137873037;137868887;
349620094;3554720418;3554720414;
349620094;3554720414;3554720409;
349620094;3554720409;3554720402;
349620097;3554720444;3554720445;
349620097;3554720445;3554720447;
349620097;3554720447;2107054816;
349620097;2107054816;3554720449;
349620097;3554720449;3554720448;
349620097;3554720448;3554720446;
365044226;3690885656;2335416031;
365044226;2335416031;3690885655;
365044226;3690885655;3690885657;
365044226;3690885657;3690885658;
374346167;476019077;2466263948;
374346167;2466263948;2256217208;
374346167;2256217208;2256217209;
374346168;2211241776;3392711302;
374346168;3392711302;2211241852;
374346168;2211241852;3457190272;
374346172;475737531;2209960614;
374346173;138223440;138222054;
385795791;3092601795;2319991804;
385795791;2319991804;3554720418;
386286210;1684865542;1874214575;
394998026;3993126224;5476716951;
394998026;5476716951;4097873947;
394998026;4097873947;1277364250;
394998026;1277364250;2245353947;
394998026;2245353947;5476716944;
394998026;5476716944;3993117787;
394998026;3993117787;3993117789;
394998026;3993117789;5476716943;
394998026;5476716943;3993117788;
396485358;3992982896;3992982895;
400077009;2204179799;138230330;
400077009;138230330;2926981534;
400077009;2926981534;2926981543;
400077009;2926981543;1684889107;
400077009;1684889107;2352628868;
400077009;2352628868;138233064;
407752150;4097873919;4097873918;
407752152;4097873936;4097873935;
407752155;4097873917;4097873915;
407752155;4097873915;4097873916;
407752157;2337036560;4097873944;
407752157;4097873944;5476716954;
407752157;5476716954;5476716955;
407752157;5476716955;5476716953;
407752157;5476716953;4097873954;
407752157;4097873954;5476716957;
407752157;5476716957;5476716952;
407752157;5476716952;1684844554;
419935503;4199223989;2207418929;
419935503;2207418929;4529131604;
419935503;4529131604;2207418923;
419935503;2207418923;2207418932;
419935504;4199180593;4199223989;
420021609;4199180593;2080756633;
420021610;2207418932;4529131605;
420021610;4529131605;4199180593;
434857293;4327756510;2247054918;
434860177;1874214575;2202026143;
434860177;2202026143;25632362;
434872534;2245520803;3554720440;
434872534;3554720440;3130312339;
434872534;3130312339;2245786927;
434872534;2245786927;3130312331;
434872534;3130312331;25620747;
434872534;25620747;2245786951;
434872534;2245786951;2343359244;
434872534;2343359244;2343359235;
434872534;2343359235;2245786942;
434872534;2245786942;25632422;
448850568;3554720425;5118553689;
448850568;5118553689;2204099858;
448850570;2208686217;2204100011;
448850570;2204100011;3992990334;
448850570;3992990334;1684844136;
448850570;1684844136;4097873927;
448850570;4097873927;3554720432;
448850570;3554720432;4097873929;
448850570;4097873929;3993117788;
448850570;3993117788;2204099951;
448850570;2204099951;2204099942;
448850570;2204099942;3992982895;
448850570;3992982895;2204099999;
448850570;2204099999;2243746973;
448850570;2243746973;2243746975;
448850570;2243746975;2243746971;
448850570;2243746971;3993126557;
448850570;3993126557;3092618005;
448850570;3092618005;138234852;
452075654;668955253;2006399741;
452075654;2006399741;137903870;
452075654;137903870;2307249887;
452075654;2307249887;137903872;
452075654;137903872;137903874;
452075654;137903874;2307244307;
452075654;2307244307;2307244300;
452075654;2307244300;1788785130;
452075654;1788785130;2202026085;
452075654;2202026085;1788785120;
452075654;1788785120;1788785116;
452075654;1788785116;137955522;
459407453;4925459192;3392711311;
459407453;3392711311;2466304482;
459407453;2466304482;2204446881;
459407453;2204446881;2204446901;
459453160;2209960614;3457190271;
459453160;3457190271;4553025618;
459453160;4553025618;4679272918;
459453160;4679272918;3457190272;
459891173;1274830098;4556158605;
459891173;4556158605;4556158591;
459891173;4556158591;4556158596;
459891173;4556158596;4556158600;
459891173;4556158600;4556158593;
459891173;4556158593;2216386471;
459895302;2467211958;2467211964;
459895302;2467211964;1274830123;
459895303;2467211958;2467211939;
459895303;2467211939;4556191465;
459895303;4556191465;2467211944;
459895303;2467211944;2927183102;
459895304;2927183102;4556191466;
459895304;4556191466;4556191463;
459895304;4556191463;4556191461;
459895304;4556191461;2467211958;
460206500;138231423;3387597060;
460206500;3387597060;2927167312;
460206500;2927167312;2927167311;
460206500;2927167311;1670512103;
460206500;1670512103;2135998880;
460233181;4559094988;4559094998;
460233181;4559094998;4559094992;
460233181;4559094992;4559094989;
460234698;4559198590;4559209387;
460234698;4559209387;4559197787;
460234698;4559197787;2216334119;
460234698;2216334119;4559141811;
460234698;4559141811;4559141823;
460234698;4559141823;4559141799;
460234698;4559141799;4559141808;
460234698;4559141808;4559115457;
460234698;4559115457;4559115459;
460243039;4559198603;2216334119;
460243046;4559204998;4559205022;
460243046;4559205022;4559205013;
460243048;4559205002;4559213892;
460243048;4559213892;4559204991;
460243612;4559213892;4559209381;
460251867;2216334178;4559289602;
460257688;4559346920;4559346928;
460257688;4559346928;4559346916;
460257688;4559346916;4559346917;
460260902;4559380164;4559380170;
460590743;1788784916;4562184898;
460594249;1548165850;4562226812;
460594258;4562184907;4562170438;
460594258;4562170438;4562184901;
460594258;4562184901;4562184902;
460594258;4562184902;4562184909;
466455973;4612504733;2218508149;
466455973;2218508149;4612504734;
466455973;4612504734;4612504729;
466467978;4612602651;4612602653;
466467978;4612602653;4612602646;
466467978;4612602646;4612602654;
466467978;4612602654;4612602649;
466737770;4614795579;4614795580;
466737773;4614795579;4614795578;
466738481;4614805773;4614805774;
466743722;4614852047;4614852048;
467547248;4621647260;2927195022;
467547248;2927195022;2927195025;
467547248;2927195025;2927195014;
467547248;2927195014;4621647256;
467547248;4621647256;4621647260;
467557877;4621647261;4621647259;
467557877;4621647259;4621647262;
467557878;4621647253;4621647254;
467557879;4621647262;4621647253;
467557880;4621647256;4621647261;
467557881;4621647260;4621647255;
467557881;4621647255;4621647258;
467557882;4621647254;4621647257;
467564423;4621715683;4621715682;
482327709;137882131;2218389428;
482327709;2218389428;4621547671;
482327709;4621547671;137888646;
482327709;137888646;4612602651;
482327709;4612602651;4558796673;
482327709;4558796673;138231423;
484592256;2204179952;2204210316;
484592256;2204210316;3387597091;
484592256;3387597091;2681412871;
484592256;2681412871;1554874570;
484592257;4097873925;5118554430;
484592257;5118554430;4025528393;
484592257;4025528393;4025528392;
484592258;2216360362;2216360291;
484592258;2216360291;4558789393;
484592258;4558789393;4559191359;
501277146;2076734382;3387597799;
501277146;3387597799;2927035109;
501277146;2927035109;2927034198;
501277146;2927034198;1390263661;
501277146;1390263661;2927035103;
501277146;2927035103;2927035131;
501277146;2927035131;2927035102;
501277146;2927035102;2927035105;
501277146;2927035105;2204210203;
501277146;2204210203;1390263696;
501848099;4925285429;4925285425;
501848099;4925285425;4925285428;
501848099;4925285428;4925287126;
501848099;4925287126;4925287122;
501848099;4925287122;4097873920;
501848100;4925285424;4925285429;
501848104;4925285422;4925285424;
501849003;4925289584;4925289582;
501849003;4925289582;4925289578;
501849003;4925289578;4925289583;
501849008;4925287126;4925310646;
501849008;4925310646;4925289575;
501854770;4925310646;4925310652;
501854770;4925310652;4925310648;
501854770;4925310648;4925310647;
501854770;4925310647;4925292786;
501854770;4925292786;4925310650;
501854770;4925310650;4925310651;
501856969;4925310649;4925318283;
501856969;4925318283;4925318289;
501856969;4925318289;4925318282;
501856969;4925318282;4925318284;
501856972;4925318289;4925318286;
501874269;2205504451;2319996589;
501874269;2319996589;2319996587;
501874269;2319996587;2319996578;
501874269;2319996578;2466276661;
501874269;2466276661;3392711305;
501874269;3392711305;2205504355;
501874269;2205504355;2466269904;
501874269;2466269904;475875745;
501874269;475875745;2468364181;
501874269;2468364181;475875746;
501874269;475875746;2204446961;
501874269;2204446961;2204446913;
501874269;2204446913;2204446955;
501874269;2204446955;2204446999;
501874269;2204446999;2204446890;
501874269;2204446890;2204446908;
501874269;2204446908;2204446945;
501874269;2204446945;475875752;
501874269;475875752;1143317277;
501874269;1143317277;2204447004;
501874269;2204447004;2204446849;
501874269;2204446849;2468364178;
501874269;2468364178;1143318409;
501874269;1143318409;2256217207;
501874269;2256217207;476019077;
502160137;4927256635;4927256636;
502160137;4927256636;4927256628;
502160137;4927256628;4927256633;
502160137;4927256633;4927256634;
502160138;2207616097;4927256629;
502160139;4927256632;4927256638;
502160139;4927256638;4927256639;
502160139;4927256639;4927256629;
502160139;4927256629;4927256631;
502160140;2207616076;4927256635;
502160140;4927256635;4927256637;
502160140;4927256637;4927256630;
502160141;2207616025;4927256638;
502160142;4927248028;4927256637;
502160859;4927261936;4927261935;
502160860;4927261937;4927261931;
502160860;4927261931;4927261933;
502160860;4927261933;2356350441;
502160861;2356350452;4927261937;
502160861;4927261937;4927261934;
502160861;4927261934;4927261936;
502160861;4927261936;2356350501;
502160862;4927261933;4927261932;
510727704;4529131591;4996732855;
517711042;5051610943;2206233667;
518375240;4559387634;5056652755;
533485441;4927116730;4562460034;
533485441;4562460034;4562460033;
533487706;5175588778;5175588786;
533487706;5175588786;5175588777;
533487707;5175588780;5175588785;
533487707;5175588785;5175588779;
533487708;5175588782;5175588788;
533487708;5175588788;5175588781;
533487709;5175588784;5175588787;
533487709;5175588787;5175588783;
551619530;2269315823;475572179;
551619530;475572179;2257727247;
551619530;2257727247;3391597668;
551619530;3391597668;475570110;
551619530;475570110;475572180;
553528125;138231423;2216364186;
553528125;2216364186;4488753796;
553528125;4488753796;138231424;
