111479498;41.1436;-8.62163;-0.1504758;0.7180912
111479500;41.14343;-8.621334;-0.1504707;0.7180884
111479501;41.14316;-8.620948;-0.1504639;0.7180836
111479502;41.14257;-8.620356;-0.1504536;0.7180734
111479503;41.14239;-8.620086;-0.1504489;0.7180702
111479504;41.14158;-8.618849;-0.1504273;0.7180561
111479505;41.1415;-8.618714;-0.1504249;0.7180546
111479506;41.14054;-8.616597;-0.150388;0.7180378
111479507;41.1405;-8.616468;-0.1503857;0.7180372
111479508;41.14048;-8.616322;-0.1503832;0.7180369
111479509;41.14049;-8.616189;-0.1503809;0.718037
111479510;41.14054;-8.616021;-0.1503779;0.7180378
111481288;41.14143;-8.613438;-0.1503329;0.7180533
111481561;41.14165;-8.61452;-0.1503517;0.7180572
111481563;41.14125;-8.614502;-0.1503514;0.7180504
111481848;41.14166;-8.615314;-0.1503656;0.7180574
111481849;41.14095;-8.615317;-0.1503657;0.718045
112686789;41.14125;-8.610816;-0.1502871;0.7180502
112686793;41.14066;-8.609663;-0.150267;0.71804
112686794;41.14083;-8.609519;-0.1502645;0.718043
112688566;41.1418;-8.605206;-0.1501892;0.7180599
112688570;41.1419;-8.602747;-0.1501463;0.7180616
112688573;41.14203;-8.601671;-0.1501275;0.7180639
112688575;41.14203;-8.600853;-0.1501132;0.7180639
112688576;41.14199;-8.60048;-0.1501067;0.7180631
112688578;41.14184;-8.599618;-0.1500916;0.7180606
112688580;41.14165;-8.599053;-0.1500818;0.7180573
112688582;41.1409;-8.597365;-0.1500523;0.7180442
122549700;41.14426;-8.623574;-0.1505098;0.7181029
129558556;41.14495;-8.617328;-0.1504007;0.7181149
129558976;41.14278;-8.615279;-0.150365;0.718077
129559334;41.14274;-8.614152;-0.1503453;0.7180762
137868887;41.14466;-8.611577;-0.1503004;0.7181098
138223440;41.14524;-8.613586;-0.1503354;0.7181199
138230332;41.14389;-8.610087;-0.1502744;0.7180964
138230334;41.14354;-8.610365;-0.1502792;0.7180902
138230335;41.14353;-8.610415;-0.1502801;0.7180901
138231433;41.1432;-8.608809;-0.1502521;0.7180842
138234198;41.143;-8.608212;-0.1502416;0.7180808
285910556;41.14184;-8.61449;-0.1503512;0.7180606
286969387;41.14486;-8.613845;-0.15034;0.7181133
286969389;41.14392;-8.615019;-0.1503605;0.7180969
286969390;41.14361;-8.615189;-0.1503634;0.7180914
286969391;41.14332;-8.615434;-0.1503677;0.7180864
286969392;41.14324;-8.615486;-0.1503686;0.7180851
286969393;41.14311;-8.615649;-0.1503714;0.7180828
286969394;41.14297;-8.615945;-0.1503766;0.7180803
286969395;41.14293;-8.616122;-0.1503797;0.7180796
286969396;41.14292;-8.616286;-0.1503826;0.7180794
286969397;41.14293;-8.616579;-0.1503877;0.7180795
286969398;41.14297;-8.616913;-0.1503935;0.7180803
286969399;41.14308;-8.61717;-0.150398;0.7180822
286969400;41.14311;-8.617342;-0.150401;0.7180827
286969778;41.14059;-8.61371;-0.1503376;0.7180389
286969779;41.14052;-8.614085;-0.1503441;0.7180375
286969782;41.14023;-8.615095;-0.1503618;0.7180324
286969783;41.14022;-8.615182;-0.1503633;0.7180323
286969784;41.14022;-8.615273;-0.1503649;0.7180324
286969785;41.14028;-8.615623;-0.150371;0.7180334
286969786;41.14037;-8.615805;-0.1503742;0.718035
286969787;41.14042;-8.616067;-0.1503787;0.7180358
286969936;41.14251;-8.615276;-0.1503649;0.7180723
286969938;41.14242;-8.61565;-0.1503715;0.7180706
286969939;41.14236;-8.615832;-0.1503746;0.7180696
286969940;41.14215;-8.616264;-0.1503822;0.718066
286969943;41.14092;-8.617435;-0.1504026;0.7180445
286969970;41.14167;-8.616755;-0.1503907;0.7180576
286970022;41.14072;-8.615488;-0.1503686;0.7180411
286970024;41.14073;-8.616302;-0.1503828;0.7180412
286970025;41.1408;-8.616524;-0.1503867;0.7180424
286970027;41.14129;-8.617109;-0.1503969;0.718051
475548530;41.1449;-8.615485;-0.1503686;0.718114
475549048;41.14318;-8.61552;-0.1503692;0.718084
475549051;41.14461;-8.615561;-0.1503699;0.7181089
475549495;41.14339;-8.615926;-0.1503763;0.7180877
475549497;41.14338;-8.616523;-0.1503867;0.7180875
475550561;41.14431;-8.614497;-0.1503513;0.7181037
475550923;41.14429;-8.615646;-0.1503714;0.7181033
475551223;41.14383;-8.617242;-0.1503992;0.7180954
475551227;41.14359;-8.615884;-0.1503755;0.7180912
475552091;41.14248;-8.616929;-0.1503938;0.7180718
475552092;41.14255;-8.617055;-0.150396;0.718073
475552096;41.14357;-8.617434;-0.1504026;0.7180908
475555174;41.14275;-8.615684;-0.150372;0.7180765
475555175;41.14266;-8.616134;-0.1503799;0.7180749
475555187;41.14189;-8.616536;-0.1503869;0.7180614
475555577;41.14336;-8.618369;-0.1504189;0.7180871
475556852;41.14268;-8.61945;-0.1504378;0.7180753
475556853;41.14244;-8.618762;-0.1504258;0.718071
475556854;41.14238;-8.618634;-0.1504235;0.71807
475561161;41.14331;-8.618238;-0.1504166;0.7180863
475561164;41.14433;-8.617529;-0.1504043;0.7181039
475724497;41.14032;-8.613696;-0.1503374;0.718034
475725586;41.14059;-8.611434;-0.1502979;0.7180387
475725587;41.14064;-8.611057;-0.1502913;0.7180397
475725589;41.14072;-8.610586;-0.1502831;0.7180409
475725591;41.14079;-8.610147;-0.1502754;0.7180423
475737524;41.14447;-8.61426;-0.1503472;0.7181066
475737526;41.14437;-8.614068;-0.1503439;0.7181048
475737527;41.14427;-8.613865;-0.1503403;0.718103
475737529;41.1442;-8.613737;-0.1503381;0.7181017
475737531;41.144;-8.613537;-0.1503346;0.7180983
475873985;41.14325;-8.61145;-0.1502982;0.7180852
475875745;41.14302;-8.610757;-0.1502861;0.7180811
475875746;41.14272;-8.610543;-0.1502823;0.7180759
475875752;41.14178;-8.61128;-0.1502952;0.7180595
475876236;41.14448;-8.611179;-0.1502934;0.7181067
475876246;41.14346;-8.611956;-0.150307;0.7180889
476009975;41.14269;-8.613684;-0.1503371;0.7180755
476009976;41.14052;-8.611937;-0.1503066;0.7180375
476010141;41.14156;-8.613044;-0.150326;0.7180557
476018885;41.14138;-8.611681;-0.1503022;0.7180526
476019077;41.14244;-8.612138;-0.1503102;0.7180711
674753639;41.14377;-8.622044;-0.150483;0.7180943
1107381197;41.14281;-8.619873;-0.1504452;0.7180776
1143317277;41.14174;-8.611433;-0.1502979;0.7180588
1143317472;41.14339;-8.61037;-0.1502793;0.7180876
1143318409;41.14192;-8.611904;-0.1503061;0.7180619
1143318426;41.14359;-8.610908;-0.1502887;0.7180912
1143318547;41.1433;-8.61126;-0.1502948;0.7180859
1274830098;41.14096;-8.608916;-0.1502539;0.7180452
1274830100;41.1422;-8.607342;-0.1502265;0.7180669
1274830123;41.14287;-8.608265;-0.1502426;0.7180786
1274830124;41.14239;-8.608443;-0.1502457;0.7180702
1277590623;41.14063;-8.613535;-0.1503346;0.7180395
1277590625;41.1406;-8.611377;-0.1502969;0.7180389
1277601207;41.14089;-8.610014;-0.1502731;0.718044
1279779527;41.14095;-8.616657;-0.150389;0.718045
1279795688;41.14251;-8.616706;-0.1503899;0.7180723
1279795690;41.14302;-8.615801;-0.1503741;0.7180812
1279795709;41.14277;-8.615468;-0.1503683;0.7180768
1296455172;41.14097;-8.617385;-0.1504017;0.7180454
1548165654;41.14321;-8.609133;-0.1502577;0.7180845
1548165659;41.14284;-8.609348;-0.1502615;0.718078
1548165842;41.14176;-8.603989;-0.1501679;0.7180591
1676191729;41.14424;-8.616745;-0.1503906;0.7181024
1684843635;41.14318;-8.608716;-0.1502504;0.718084
1771990365;41.14083;-8.609718;-0.1502679;0.7180429
1788784885;41.14222;-8.619823;-0.1504443;0.7180672
1788784965;41.14458;-8.617381;-0.1504017;0.7181084
1827037244;41.14395;-8.622534;-0.1504916;0.7180973
1827037245;41.14414;-8.623159;-0.1505025;0.7181007
2076734382;41.14418;-8.609395;-0.1502623;0.7181014
2080756633;41.14115;-8.614278;-0.1503475;0.7180486
2204179799;41.14425;-8.60919;-0.1502587;0.7181026
2204210205;41.144;-8.609907;-0.1502712;0.7180983
2204210207;41.14337;-8.6087;-0.1502502;0.7180873
2204210208;41.14276;-8.609112;-0.1502573;0.7180766
2204210263;41.1429;-8.609509;-0.1502643;0.718079
2204210266;41.1421;-8.609725;-0.150268;0.7180651
2204210273;41.14285;-8.609671;-0.1502671;0.7180781
2204210283;41.14345;-8.608629;-0.1502489;0.7180887
2204210316;41.14429;-8.607773;-0.150234;0.7181033
2204255037;41.14185;-8.608016;-0.1502382;0.7180607
2204255049;41.14034;-8.613467;-0.1503334;0.7180344
2204255056;41.14192;-8.607815;-0.1502347;0.718062
2204255125;41.14174;-8.608399;-0.1502449;0.7180588
2204255126;41.14207;-8.607507;-0.1502293;0.7180646
2204347232;41.14062;-8.613407;-0.1503323;0.7180393
2204347279;41.14025;-8.61342;-0.1503325;0.7180329
2204347316;41.14042;-8.611881;-0.1503057;0.7180358
2204347361;41.14037;-8.612338;-0.1503137;0.7180349
2204446849;41.14167;-8.611805;-0.1503043;0.7180577
2204446861;41.14276;-8.6136;-0.1503357;0.7180766
2204446866;41.14306;-8.613194;-0.1503286;0.7180819
2204446881;41.1435;-8.611149;-0.1502929;0.7180896
2204446886;41.14475;-8.611013;-0.1502905;0.7181113
2204446890;41.14203;-8.610907;-0.1502887;0.7180639
2204446899;41.14114;-8.610435;-0.1502804;0.7180484
2204446901;41.1434;-8.611162;-0.1502931;0.7180878
2204446907;41.14309;-8.613141;-0.1503277;0.7180824
2204446908;41.14188;-8.611081;-0.1502917;0.7180613
2204446913;41.14244;-8.610607;-0.1502834;0.718071
2204446914;41.14121;-8.610612;-0.1502835;0.7180495
2204446917;41.14334;-8.610878;-0.1502882;0.7180867
2204446921;41.1432;-8.612597;-0.1503182;0.7180843
2204446937;41.14282;-8.613501;-0.1503339;0.7180777
2204446938;41.14482;-8.610978;-0.1502899;0.7181126
2204446939;41.14271;-8.613959;-0.150342;0.7180757
2204446942;41.14394;-8.611369;-0.1502967;0.7180972
2204446945;41.14182;-8.611186;-0.1502935;0.7180602
2204446946;41.14331;-8.611177;-0.1502934;0.7180862
2204446947;41.14335;-8.612165;-0.1503106;0.718087
2204446951;41.14377;-8.611349;-0.1502964;0.7180943
2204446953;41.143;-8.613277;-0.1503301;0.7180808
2204446955;41.14222;-8.610707;-0.1502852;0.7180672
2204446961;41.14265;-8.610531;-0.1502821;0.7180746
2204446966;41.14364;-8.611306;-0.1502956;0.718092
2204446974;41.14288;-8.613438;-0.1503329;0.7180787
2204446977;41.14318;-8.612818;-0.150322;0.718084
2204446981;41.14316;-8.612975;-0.1503248;0.7180836
2204446983;41.1431;-8.613103;-0.150327;0.7180825
2204446988;41.14104;-8.610283;-0.1502778;0.7180467
2204446999;41.14212;-8.610789;-0.1502866;0.7180655
2204447000;41.14326;-8.612348;-0.1503138;0.7180854
2204447002;41.14324;-8.612422;-0.1503151;0.7180851
2204447004;41.14167;-8.611779;-0.1503039;0.7180575
2204447005;41.14354;-8.611245;-0.1502946;0.7180902
2205076660;41.14299;-8.611997;-0.1503077;0.7180806
2205076669;41.14315;-8.611717;-0.1503028;0.7180834
2205076670;41.1429;-8.61214;-0.1503102;0.7180791
2205076678;41.14333;-8.611107;-0.1502922;0.7180865
2205076695;41.14306;-8.611815;-0.1503045;0.7180819
2205076702;41.14333;-8.610951;-0.1502895;0.7180867
2205504355;41.14303;-8.610808;-0.150287;0.7180814
2205504451;41.14307;-8.611116;-0.1502923;0.7180821
2205627342;41.14274;-8.611876;-0.1503056;0.7180762
2205918283;41.14132;-8.611324;-0.150296;0.7180516
2205918409;41.14247;-8.613203;-0.1503288;0.7180715
2205918468;41.14277;-8.613461;-0.1503332;0.7180767
2205918495;41.14251;-8.613241;-0.1503294;0.7180722
2205918506;41.14136;-8.611552;-0.1502999;0.7180522
2205918681;41.14267;-8.613387;-0.150332;0.718075
2205918807;41.14255;-8.613278;-0.1503301;0.718073
2205918851;41.14263;-8.613336;-0.1503311;0.7180743
2206194705;41.14235;-8.61305;-0.1503261;0.7180695
2206208144;41.14428;-8.611216;-0.1502941;0.7181032
2206208148;41.144;-8.611389;-0.1502971;0.7180983
2206233230;41.14375;-8.610482;-0.1502813;0.7180938
2206233667;41.14316;-8.610301;-0.1502781;0.7180836
2206337046;41.14043;-8.612638;-0.1503189;0.7180361
2206349297;41.14157;-8.612869;-0.1503229;0.7180558
2206393141;41.14035;-8.613364;-0.1503316;0.7180346
2206428157;41.14028;-8.614126;-0.1503449;0.7180333
2206451082;41.14025;-8.615004;-0.1503602;0.7180328
2206451084;41.14027;-8.614892;-0.1503582;0.7180333
2206451106;41.14032;-8.614767;-0.1503561;0.718034
2206516819;41.14024;-8.615494;-0.1503687;0.7180327
2206589844;41.14121;-8.614513;-0.1503516;0.7180495
2207399542;41.14165;-8.614697;-0.1503548;0.7180573
2207402779;41.14082;-8.615197;-0.1503635;0.7180427
2207418923;41.14108;-8.61459;-0.150353;0.7180473
2207418929;41.14111;-8.614564;-0.1503525;0.7180479
2207418932;41.14102;-8.614639;-0.1503538;0.7180463
2207582729;41.14116;-8.616907;-0.1503934;0.7180486
2207615946;41.14082;-8.615991;-0.1503774;0.7180427
2207615957;41.14076;-8.616023;-0.150378;0.7180417
2207615982;41.14129;-8.615393;-0.150367;0.718051
2207616003;41.14075;-8.615965;-0.150377;0.7180416
2207616025;41.14096;-8.616108;-0.1503794;0.7180453
2207616076;41.14089;-8.616222;-0.1503814;0.718044
2207616097;41.14086;-8.615989;-0.1503774;0.7180435
2207616102;41.14111;-8.615393;-0.150367;0.7180477
2207661589;41.14326;-8.610242;-0.1502771;0.7180853
2207661590;41.14328;-8.610312;-0.1502783;0.7180858
2207661591;41.14326;-8.610276;-0.1502777;0.7180854
2209932686;41.1418;-8.615276;-0.1503649;0.7180599
2209960614;41.14337;-8.614626;-0.1503536;0.7180873
2211241776;41.14276;-8.614246;-0.150347;0.7180766
2211241852;41.14284;-8.614625;-0.1503536;0.718078
2211264990;41.14277;-8.614214;-0.1503464;0.7180767
2211264991;41.14272;-8.614183;-0.1503459;0.7180759
2211264995;41.14278;-8.614176;-0.1503457;0.7180769
2211264997;41.14275;-8.614223;-0.1503466;0.7180765
2211264998;41.14268;-8.614174;-0.1503457;0.7180753
2211264999;41.14283;-8.614071;-0.1503439;0.7180778
2211265001;41.1428;-8.614138;-0.1503451;0.7180772
2211286023;41.14033;-8.61469;-0.1503547;0.7180341
2211286029;41.14025;-8.614424;-0.1503501;0.7180328
2211286035;41.14036;-8.614628;-0.1503536;0.7180347
2211286046;41.14025;-8.614397;-0.1503496;0.7180329
2211286064;41.14034;-8.614657;-0.1503541;0.7180344
2211299272;41.14061;-8.613255;-0.1503296;0.718039
2211299275;41.14061;-8.613109;-0.1503271;0.718039
2211312942;41.14042;-8.613073;-0.1503265;0.7180358
2211312946;41.14039;-8.613111;-0.1503271;0.7180353
2211312949;41.1404;-8.613099;-0.1503269;0.7180355
2211312952;41.14041;-8.613091;-0.1503268;0.7180356
2211312953;41.14039;-8.613123;-0.1503274;0.7180352
2211312954;41.14039;-8.612997;-0.1503252;0.7180353
2211312955;41.14041;-8.61306;-0.1503263;0.7180356
2211312956;41.14041;-8.613052;-0.1503261;0.7180356
2211312960;41.1404;-8.613041;-0.1503259;0.7180355
2211312962;41.1404;-8.613026;-0.1503257;0.7180355
2211312968;41.14037;-8.613141;-0.1503277;0.718035
2211312977;41.14042;-8.613084;-0.1503267;0.7180358
2211312982;41.14042;-8.613068;-0.1503264;0.7180358
2211312992;41.14043;-8.613082;-0.1503266;0.7180361
2211383251;41.14331;-8.615952;-0.1503767;0.7180862
2211383286;41.14326;-8.615808;-0.1503742;0.7180854
2213037941;41.14117;-8.617213;-0.1503987;0.7180488
2213099864;41.142;-8.616972;-0.1503945;0.7180634
2213112078;41.14202;-8.616959;-0.1503943;0.7180638
2213112085;41.14244;-8.617222;-0.1503989;0.7180711
2213112099;41.14159;-8.61725;-0.1503994;0.7180563
2213112107;41.14172;-8.617147;-0.1503976;0.7180585
2213112121;41.14245;-8.617519;-0.1504041;0.7180713
2213112135;41.14246;-8.617074;-0.1503963;0.7180713
2213131426;41.1422;-8.617773;-0.1504085;0.7180669
2213131428;41.14239;-8.617629;-0.150406;0.7180702
2213131437;41.14243;-8.617572;-0.150405;0.7180709
2213131459;41.14222;-8.617566;-0.1504049;0.7180672
2213131471;41.14223;-8.617732;-0.1504078;0.7180674
2213131472;41.1422;-8.617551;-0.1504046;0.7180669
2213131476;41.14241;-8.617606;-0.1504056;0.7180706
2213131477;41.14243;-8.617579;-0.1504051;0.7180709
2213131478;41.14245;-8.617556;-0.1504047;0.7180712
2213131480;41.14222;-8.617574;-0.150405;0.7180673
2213131481;41.14214;-8.618017;-0.1504128;0.7180657
2213131483;41.14214;-8.617974;-0.150412;0.7180659
2213131485;41.14227;-8.617645;-0.1504063;0.7180681
2213131488;41.14224;-8.617686;-0.150407;0.7180676
2213131492;41.14222;-8.617758;-0.1504083;0.7180671
2213131498;41.14221;-8.617586;-0.1504053;0.718067
2213131500;41.14222;-8.617754;-0.1504082;0.7180673
2213131503;41.14225;-8.617675;-0.1504068;0.7180676
2213131506;41.14215;-8.617949;-0.1504116;0.718066
2213131516;41.14223;-8.617579;-0.1504051;0.7180675
2213131518;41.1422;-8.617787;-0.1504088;0.7180668
2213131520;41.14215;-8.618104;-0.1504143;0.718066
2213131522;41.14221;-8.617762;-0.1504083;0.718067
2213131527;41.14224;-8.617699;-0.1504072;0.7180675
2213131541;41.14223;-8.617747;-0.1504081;0.7180673
2213131556;41.14222;-8.61761;-0.1504057;0.7180673
2213131558;41.14229;-8.617645;-0.1504063;0.7180685
2213131560;41.14214;-8.617997;-0.1504124;0.7180657
2213131562;41.14232;-8.617643;-0.1504063;0.718069
2213131564;41.14236;-8.61764;-0.1504062;0.7180696
2213131568;41.14224;-8.617628;-0.150406;0.7180675
2213131570;41.14219;-8.617537;-0.1504044;0.7180668
2213131573;41.14223;-8.617716;-0.1504075;0.7180675
2213131581;41.14226;-8.61766;-0.1504065;0.7180679
2213131594;41.14218;-8.617507;-0.1504039;0.7180665
2213131596;41.14217;-8.617483;-0.1504035;0.7180664
2213131611;41.14243;-8.617573;-0.150405;0.7180708
2213131616;41.14225;-8.617639;-0.1504062;0.7180678
2213201783;41.14329;-8.618496;-0.1504211;0.7180859
2213201784;41.14273;-8.618524;-0.1504216;0.7180761
2213201785;41.14264;-8.618435;-0.1504201;0.7180746
2213201786;41.1429;-8.618742;-0.1504254;0.7180791
2213201787;41.14245;-8.618245;-0.1504167;0.7180712
2213201788;41.14257;-8.618381;-0.1504191;0.7180734
2213201789;41.14295;-8.618743;-0.1504254;0.7180799
2213201790;41.14276;-8.618569;-0.1504224;0.7180766
2213201792;41.14236;-8.618142;-0.150415;0.7180697
2213201795;41.14292;-8.618752;-0.1504256;0.7180794
2213218013;41.1427;-8.617352;-0.1504012;0.7180756
2213218016;41.14316;-8.618349;-0.1504186;0.7180836
2213218020;41.14342;-8.618211;-0.1504162;0.7180881
2213218025;41.14268;-8.617333;-0.1504008;0.7180753
2213218028;41.14272;-8.617361;-0.1504013;0.718076
2213218035;41.14318;-8.618344;-0.1504185;0.7180839
2213321384;41.14319;-8.617704;-0.1504073;0.7180842
2213321403;41.14318;-8.617718;-0.1504076;0.718084
2213321409;41.14313;-8.617461;-0.1504031;0.7180831
2213321419;41.14301;-8.617437;-0.1504027;0.7180809
2213321420;41.14324;-8.617432;-0.1504026;0.718085
2213321423;41.14352;-8.617392;-0.1504019;0.7180899
2213321426;41.14312;-8.617461;-0.1504031;0.718083
2213321429;41.14299;-8.617447;-0.1504028;0.7180807
2213321439;41.14345;-8.617438;-0.1504027;0.7180886
2213321440;41.14309;-8.617597;-0.1504054;0.7180823
2213321442;41.14317;-8.617759;-0.1504083;0.7180837
2213321443;41.1434;-8.617391;-0.1504018;0.7180879
2213321446;41.14299;-8.617483;-0.1504035;0.7180807
2213321447;41.14299;-8.617464;-0.1504031;0.7180806
2213321452;41.14344;-8.617418;-0.1504023;0.7180886
2213321455;41.14349;-8.617498;-0.1504037;0.7180893
2213321456;41.14342;-8.617393;-0.1504019;0.7180882
2213321459;41.14341;-8.617389;-0.1504018;0.718088
2213321463;41.14317;-8.617778;-0.1504086;0.7180837
2213321473;41.14312;-8.617655;-0.1504065;0.718083
2213321475;41.14314;-8.617665;-0.1504066;0.7180831
2213321482;41.14307;-8.617574;-0.150405;0.7180821
2213321484;41.14311;-8.617458;-0.150403;0.7180828
2213321487;41.14317;-8.617745;-0.150408;0.7180837
2213321488;41.14301;-8.617501;-0.1504038;0.718081
2213321490;41.14316;-8.617664;-0.1504066;0.7180836
2213321491;41.14317;-8.617731;-0.1504078;0.7180839
2213321493;41.14315;-8.617668;-0.1504067;0.7180834
2213321495;41.14302;-8.617434;-0.1504026;0.7180811
2213321498;41.14311;-8.61764;-0.1504062;0.7180828
2213321500;41.14344;-8.617469;-0.1504032;0.7180886
2213321502;41.14344;-8.617403;-0.1504021;0.7180884
2213321507;41.14392;-8.617811;-0.1504092;0.7180969
2213321512;41.14345;-8.617453;-0.1504029;0.7180886
2213321514;41.14343;-8.617481;-0.1504034;0.7180884
2213334712;41.14339;-8.61822;-0.1504163;0.7180876
2213334713;41.1434;-8.61822;-0.1504163;0.7180878
2213334714;41.14337;-8.618217;-0.1504163;0.7180873
2213334720;41.14334;-8.618204;-0.150416;0.7180867
2213334721;41.14333;-8.618196;-0.1504159;0.7180865
2213334724;41.14329;-8.618168;-0.1504154;0.7180859
2213334725;41.14335;-8.61821;-0.1504161;0.718087
2213380771;41.14441;-8.616511;-0.1503865;0.7181053
2213380797;41.14448;-8.616479;-0.1503859;0.7181067
2213380800;41.14444;-8.616489;-0.1503861;0.718106
2213380807;41.14442;-8.616501;-0.1503863;0.7181056
2213380816;41.1445;-8.616474;-0.1503858;0.718107
2213380818;41.14452;-8.616474;-0.1503858;0.7181073
2213435120;41.14478;-8.616757;-0.1503908;0.7181118
2213435124;41.14487;-8.616754;-0.1503907;0.7181135
2213435143;41.14453;-8.616479;-0.1503859;0.7181075
2213435167;41.14484;-8.616763;-0.1503909;0.7181129
2213435177;41.14482;-8.616768;-0.150391;0.7181125
2213435196;41.14479;-8.616768;-0.150391;0.7181121
2213447626;41.14491;-8.616733;-0.1503904;0.7181142
2216386471;41.14136;-8.60713;-0.1502228;0.7180522
2217981203;41.14214;-8.618042;-0.1504132;0.7180658
2217981208;41.14243;-8.617593;-0.1504054;0.7180708
2247390916;41.14451;-8.617435;-0.1504026;0.7181072
2255075997;41.14473;-8.618309;-0.1504179;0.7181111
2255178474;41.14409;-8.618299;-0.1504177;0.7180999
2255178490;41.14392;-8.618296;-0.1504176;0.7180968
2255178502;41.14467;-8.618308;-0.1504178;0.71811
2255178513;41.14374;-8.618315;-0.150418;0.7180937
2255178518;41.14357;-8.618342;-0.1504184;0.7180908
2255178527;41.14347;-8.618361;-0.1504188;0.7180891
2255178540;41.14336;-8.618371;-0.150419;0.7180871
2255280881;41.14337;-8.61841;-0.1504196;0.7180873
2255280883;41.14335;-8.618449;-0.1504203;0.7180869
2256129231;41.14285;-8.619909;-0.1504458;0.7180781
2256129232;41.1429;-8.620057;-0.1504484;0.718079
2256129233;41.14291;-8.620015;-0.1504477;0.7180791
2256129242;41.14291;-8.619997;-0.1504473;0.7180793
2256129244;41.14291;-8.619979;-0.150447;0.7180791
2256214785;41.14276;-8.611769;-0.1503037;0.7180766
2256214788;41.14277;-8.611753;-0.1503034;0.7180767
2256214792;41.143;-8.611478;-0.1502986;0.7180808
2256214795;41.14286;-8.611719;-0.1503029;0.7180784
2256214798;41.14287;-8.611706;-0.1503026;0.7180786
2256214804;41.14304;-8.61132;-0.1502959;0.7180815
2256214807;41.14278;-8.611732;-0.1503031;0.7180771
2256214811;41.1428;-8.61173;-0.150303;0.7180773
2256214818;41.14291;-8.611629;-0.1503013;0.7180793
2256214820;41.14277;-8.61174;-0.1503032;0.7180768
2256214824;41.14288;-8.611687;-0.1503023;0.7180788
2256217207;41.14201;-8.611959;-0.150307;0.7180635
2256217208;41.14248;-8.612206;-0.1503113;0.7180716
2256217209;41.14265;-8.612283;-0.1503127;0.7180748
2256240194;41.14126;-8.618399;-0.1504194;0.7180505
2256269812;41.14085;-8.61517;-0.1503631;0.7180433
2256269823;41.14105;-8.615163;-0.150363;0.7180467
2256269855;41.14089;-8.615163;-0.150363;0.718044
2258300905;41.14362;-8.621691;-0.1504769;0.7180917
2262128243;41.14077;-8.615316;-0.1503656;0.718042
2270441288;41.14423;-8.611402;-0.1502973;0.7181023
2270441289;41.14424;-8.611389;-0.1502971;0.7181024
2270441290;41.14426;-8.611227;-0.1502943;0.7181029
2270441291;41.14422;-8.611408;-0.1502974;0.7181021
2270441292;41.14408;-8.611419;-0.1502976;0.7180998
2270441293;41.14426;-8.611256;-0.1502948;0.7181028
2276132334;41.14179;-8.603619;-0.1501615;0.7180597
2276132366;41.14195;-8.600062;-0.1500994;0.7180625
2319996578;41.143;-8.611081;-0.1502917;0.7180808
2319996587;41.14301;-8.611103;-0.1502921;0.7180809
2319996589;41.14302;-8.611115;-0.1502923;0.7180811
2326539818;41.14026;-8.614446;-0.1503504;0.718033
2326539819;41.14025;-8.614437;-0.1503503;0.7180329
2326539820;41.14027;-8.614453;-0.1503506;0.7180332
2352439937;41.13923;-8.609216;-0.1502592;0.718015
2352661451;41.14353;-8.610988;-0.1502901;0.7180901
2356335529;41.14137;-8.613506;-0.150334;0.7180524
2356335539;41.14143;-8.61354;-0.1503346;0.7180535
2356335549;41.14121;-8.614222;-0.1503465;0.7180496
2356335559;41.14114;-8.614192;-0.150346;0.7180484
2356335584;41.14143;-8.613495;-0.1503339;0.7180535
2356335592;41.14119;-8.614261;-0.1503472;0.7180492
2356335602;41.14114;-8.614239;-0.1503468;0.7180484
2356335615;41.14139;-8.613471;-0.1503334;0.7180527
2356350441;41.14199;-8.614671;-0.1503544;0.7180631
2356350443;41.1417;-8.614942;-0.1503591;0.7180582
2356350452;41.14174;-8.614911;-0.1503586;0.7180588
2356350454;41.14253;-8.614192;-0.150346;0.7180727
2356350457;41.14251;-8.614232;-0.1503467;0.7180722
2356350470;41.14252;-8.614059;-0.1503437;0.7180725
2356350471;41.1417;-8.614879;-0.150358;0.7180581
2356350474;41.14247;-8.614261;-0.1503472;0.7180716
2356350494;41.14254;-8.614096;-0.1503443;0.7180728
2356350497;41.14254;-8.614146;-0.1503452;0.7180728
2356350501;41.14197;-8.61517;-0.1503631;0.7180628
2356350502;41.14249;-8.614017;-0.150343;0.718072
2356376611;41.14161;-8.614807;-0.1503568;0.7180565
2356376617;41.14166;-8.615279;-0.150365;0.7180575
2356376621;41.14161;-8.615017;-0.1503604;0.7180566
2356455876;41.1414;-8.615391;-0.1503669;0.7180529
2356455880;41.14111;-8.615381;-0.1503668;0.7180477
2356465227;41.14161;-8.616319;-0.1503831;0.7180566
2356465228;41.14164;-8.615374;-0.1503666;0.7180572
2356465234;41.14162;-8.61663;-0.1503886;0.7180567
2356503866;41.14172;-8.616266;-0.1503822;0.7180585
2356503904;41.14172;-8.61599;-0.1503774;0.7180584
2356505216;41.14177;-8.61599;-0.1503774;0.7180594
2356505217;41.14146;-8.616324;-0.1503832;0.7180539
2356505218;41.14166;-8.616266;-0.1503822;0.7180575
2356505219;41.14185;-8.61612;-0.1503797;0.7180608
2356505220;41.14136;-8.616636;-0.1503887;0.7180521
2356505221;41.14138;-8.616339;-0.1503835;0.7180526
2356505222;41.14167;-8.61663;-0.1503886;0.7180575
2356505223;41.14135;-8.616354;-0.1503837;0.718052
2356505224;41.14166;-8.616319;-0.1503831;0.7180575
2356505225;41.14165;-8.615989;-0.1503774;0.7180573
2356536980;41.1426;-8.614077;-0.150344;0.7180738
2356731134;41.14492;-8.610846;-0.1502876;0.7181144
2356731137;41.14501;-8.61092;-0.1502889;0.7181159
2382520651;41.14469;-8.617308;-0.1504004;0.7181103
2382520652;41.14472;-8.617308;-0.1504004;0.7181109
2382520653;41.14487;-8.617334;-0.1504009;0.7181134
2382520662;41.14465;-8.617332;-0.1504008;0.7181095
2466263947;41.14267;-8.612187;-0.150311;0.7180751
2466263948;41.14248;-8.612157;-0.1503105;0.7180717
2466269904;41.14302;-8.610777;-0.1502864;0.7180812
2466276661;41.14302;-8.61095;-0.1502894;0.7180812
2466286885;41.14309;-8.611058;-0.1502913;0.7180823
2466286886;41.1431;-8.610981;-0.15029;0.7180827
2466286887;41.14343;-8.61104;-0.150291;0.7180884
2466286889;41.14311;-8.611008;-0.1502904;0.7180828
2466286891;41.1431;-8.610953;-0.1502895;0.7180827
2466286893;41.14312;-8.611035;-0.1502909;0.718083
2466286900;41.14338;-8.611057;-0.1502913;0.7180874
2466286908;41.14347;-8.611026;-0.1502908;0.7180891
2466286911;41.14314;-8.611043;-0.1502911;0.7180833
2466286912;41.14312;-8.611025;-0.1502907;0.7180828
2466286913;41.14317;-8.611053;-0.1502912;0.7180838
2466304482;41.14356;-8.611112;-0.1502922;0.7180905
2466702734;41.14205;-8.609687;-0.1502674;0.7180642
2466702735;41.14164;-8.609732;-0.1502682;0.7180572
2466715273;41.14289;-8.609633;-0.1502665;0.718079
2466715276;41.14291;-8.609565;-0.1502652;0.7180791
2466715278;41.14288;-8.609652;-0.1502668;0.7180787
2466742471;41.14276;-8.609081;-0.1502568;0.7180766
2466742472;41.14278;-8.609036;-0.150256;0.7180769
2466943130;41.14291;-8.609606;-0.150266;0.7180791
2466943132;41.14271;-8.608975;-0.150255;0.7180758
2466943669;41.14277;-8.60906;-0.1502565;0.7180768
2466949472;41.14306;-8.608327;-0.1502437;0.7180818
2466957785;41.14207;-8.609692;-0.1502675;0.7180645
2466957786;41.14209;-8.609702;-0.1502676;0.7180648
2468364178;41.1417;-8.611827;-0.1503047;0.718058
2468364181;41.14285;-8.610627;-0.1502838;0.7180783
2469350601;41.14221;-8.616184;-0.1503808;0.718067
2478834219;41.14069;-8.615864;-0.1503752;0.7180404
2478834220;41.1407;-8.616106;-0.1503794;0.7180406
2478887460;41.14143;-8.619173;-0.1504329;0.7180535
2478887462;41.14115;-8.618486;-0.150421;0.7180485
2478887464;41.14108;-8.618426;-0.1504199;0.7180473
2478887466;41.14125;-8.618564;-0.1504223;0.7180504
2478887468;41.14067;-8.617445;-0.1504028;0.7180401
2478887470;41.14112;-8.618513;-0.1504214;0.718048
2478887472;41.14129;-8.618263;-0.1504171;0.718051
2478887473;41.14118;-8.618588;-0.1504228;0.718049
2478887475;41.14137;-8.619182;-0.1504331;0.7180524
2478887477;41.14129;-8.618609;-0.1504231;0.718051
2478887479;41.14054;-8.616882;-0.150393;0.718038
2478887480;41.14111;-8.618289;-0.1504175;0.7180479
2478887482;41.14107;-8.618331;-0.1504183;0.7180471
2478887484;41.14112;-8.618269;-0.1504172;0.718048
2478887486;41.14106;-8.618344;-0.1504185;0.718047
2478887488;41.14053;-8.616865;-0.1503927;0.7180377
2478887490;41.1411;-8.618315;-0.150418;0.7180476
2478887491;41.14048;-8.61691;-0.1503935;0.7180369
2478887493;41.1412;-8.618582;-0.1504226;0.7180493
2478887495;41.1415;-8.619092;-0.1504315;0.7180546
2478887497;41.14133;-8.618346;-0.1504185;0.7180517
2478887499;41.1415;-8.619055;-0.1504309;0.7180546
2478887501;41.14116;-8.618582;-0.1504226;0.7180487
2478887503;41.14128;-8.618577;-0.1504225;0.7180507
2478887504;41.1412;-8.618335;-0.1504183;0.7180494
2478887507;41.14122;-8.618567;-0.1504224;0.7180498
2478887509;41.14105;-8.618361;-0.1504188;0.7180468
2478887511;41.14112;-8.618222;-0.1504164;0.718048
2478887512;41.14112;-8.61825;-0.1504168;0.718048
2478887514;41.14114;-8.61856;-0.1504222;0.7180483
2478887516;41.14141;-8.61919;-0.1504332;0.7180531
2478887522;41.14139;-8.619195;-0.1504333;0.7180527
2478887524;41.1405;-8.616866;-0.1503927;0.7180371
2478887526;41.14102;-8.618419;-0.1504198;0.7180462
2478887527;41.14149;-8.619118;-0.150432;0.7180544
2478887528;41.14048;-8.616886;-0.150393;0.7180369
2478887529;41.14051;-8.616857;-0.1503925;0.7180374
2478887530;41.14106;-8.618381;-0.1504191;0.7180469
2478887531;41.14096;-8.61783;-0.1504095;0.7180452
2478891313;41.14122;-8.618316;-0.150418;0.7180498
2478900160;41.14249;-8.620232;-0.1504514;0.7180719
2915001115;41.14279;-8.619792;-0.1504437;0.7180771
2915025614;41.14127;-8.617079;-0.1503964;0.7180507
2915025624;41.14142;-8.616984;-0.1503948;0.7180532
2915025634;41.14252;-8.618345;-0.1504185;0.7180725
2926993939;41.14416;-8.607903;-0.1502363;0.718101
2926993940;41.14361;-8.608474;-0.1502462;0.7180915
2927035117;41.14381;-8.610172;-0.1502759;0.718095
2927035119;41.14366;-8.610282;-0.1502778;0.7180923
2927035126;41.14386;-8.610128;-0.1502751;0.7180959
2927076257;41.14264;-8.609767;-0.1502688;0.7180744
2927137116;41.14169;-8.608598;-0.1502484;0.7180579
2927137133;41.14179;-8.608178;-0.150241;0.7180597
3092601790;41.14509;-8.6109;-0.1502886;0.7181172
3385332307;41.14136;-8.598401;-0.1500704;0.7180522
3385332308;41.14163;-8.598997;-0.1500808;0.7180569
3385332310;41.14173;-8.599277;-0.1500857;0.7180586
3387597039;41.14046;-8.614411;-0.1503498;0.7180366
3387597043;41.14061;-8.613153;-0.1503279;0.718039
3387597048;41.1408;-8.615229;-0.1503641;0.7180425
3387597049;41.14091;-8.613158;-0.150328;0.7180443
3387597051;41.141;-8.614692;-0.1503547;0.7180459
3387597056;41.14271;-8.613729;-0.1503379;0.7180758
3387597057;41.14273;-8.614089;-0.1503442;0.7180761
3387597061;41.14308;-8.613728;-0.1503379;0.7180822
3387597062;41.14327;-8.60848;-0.1502463;0.7180855
3387597064;41.14334;-8.608639;-0.1502491;0.7180867
3387597065;41.14337;-8.608658;-0.1502494;0.7180873
3387597068;41.14341;-8.608667;-0.1502496;0.7180879
3387597069;41.14344;-8.612;-0.1503077;0.7180885
3387597070;41.14348;-8.613184;-0.1503284;0.7180892
3387597072;41.14363;-8.608087;-0.1502395;0.7180918
3387597074;41.14372;-8.607986;-0.1502377;0.7180934
3387597076;41.14382;-8.607907;-0.1502363;0.7180952
3387597081;41.14402;-8.609858;-0.1502704;0.7180987
3387597082;41.14403;-8.613557;-0.1503349;0.7180988
3387597091;41.14421;-8.607574;-0.1502305;0.718102
3387597794;41.14427;-8.612109;-0.1503097;0.718103
3387597811;41.14497;-8.610932;-0.1502891;0.7181152
3391597632;41.14269;-8.619477;-0.1504383;0.7180754
3391597633;41.1427;-8.619523;-0.1504391;0.7180756
3391597643;41.1434;-8.621284;-0.1504698;0.7180878
3392710631;41.1401;-8.616214;-0.1503813;0.7180302
3392710632;41.14011;-8.616096;-0.1503793;0.7180303
3392710633;41.14015;-8.61633;-0.1503833;0.718031
3392710634;41.1402;-8.616032;-0.1503781;0.7180319
3392710635;41.14021;-8.616353;-0.1503837;0.7180321
3392710636;41.14022;-8.616018;-0.1503779;0.7180322
3392710637;41.14026;-8.613377;-0.1503318;0.718033
3392710638;41.14027;-8.613307;-0.1503306;0.7180333
3392710639;41.14029;-8.616697;-0.1503897;0.7180335
3392710642;41.14031;-8.616616;-0.1503883;0.7180339
3392710643;41.14033;-8.612689;-0.1503198;0.7180342
3392710644;41.14034;-8.61262;-0.1503186;0.7180344
3392710645;41.14036;-8.613276;-0.15033;0.7180347
3392710646;41.14036;-8.612374;-0.1503143;0.7180347
3392710648;41.14039;-8.617126;-0.1503972;0.7180353
3392710651;41.14042;-8.612751;-0.1503209;0.7180358
3392710652;41.14042;-8.616062;-0.1503787;0.7180358
3392710653;41.14043;-8.611836;-0.1503049;0.718036
3392710654;41.14043;-8.617297;-0.1504002;0.7180361
3392710656;41.14046;-8.616136;-0.1503799;0.7180365
3392710659;41.14055;-8.611741;-0.1503032;0.718038
3392710660;41.14062;-8.615797;-0.150374;0.7180392
3392710662;41.14065;-8.615829;-0.1503746;0.7180398
3392710668;41.14075;-8.615994;-0.1503775;0.7180416
3392710671;41.14078;-8.615993;-0.1503774;0.7180421
3392710672;41.14079;-8.616507;-0.1503864;0.7180423
3392710674;41.14093;-8.615163;-0.150363;0.7180446
3392710676;41.1411;-8.615316;-0.1503656;0.7180477
3392710678;41.14111;-8.615393;-0.150367;0.7180477
3392710681;41.14126;-8.618286;-0.1504175;0.7180505
3392710682;41.14128;-8.617085;-0.1503965;0.7180507
3392710683;41.14128;-8.617089;-0.1503966;0.7180507
3392710684;41.1413;-8.61837;-0.1504189;0.7180511
3392710685;41.14138;-8.614503;-0.1503514;0.7180526
3392710689;41.14156;-8.61307;-0.1503264;0.7180556
3392710690;41.14162;-8.616319;-0.1503831;0.7180567
3392710691;41.14162;-8.61663;-0.1503886;0.7180568
3392710692;41.14165;-8.614911;-0.1503586;0.7180573
3392711294;41.14169;-8.614911;-0.1503586;0.718058
3392711295;41.1417;-8.61599;-0.1503774;0.7180581
3392711296;41.1417;-8.614911;-0.1503586;0.7180582
3392711297;41.1417;-8.616266;-0.1503822;0.7180582
3392711299;41.14201;-8.616968;-0.1503945;0.7180635
3392711302;41.14284;-8.614599;-0.1503531;0.718078
3392711305;41.14302;-8.610931;-0.1502891;0.7180812
3392711308;41.1433;-8.611573;-0.1503003;0.7180861
3392711311;41.14359;-8.611088;-0.1502918;0.718091
3392711318;41.14447;-8.614242;-0.1503469;0.7181064
3392939425;41.14086;-8.610058;-0.1502739;0.7180435
3392939426;41.14167;-8.608706;-0.1502503;0.7180577
3392939428;41.14281;-8.609686;-0.1502674;0.7180776
3392939431;41.14338;-8.610433;-0.1502804;0.7180875
3397147923;41.14371;-8.610471;-0.1502811;0.7180932
3398946367;41.14079;-8.610168;-0.1502758;0.7180423
3457190271;41.14309;-8.614738;-0.1503555;0.7180824
3457190272;41.14283;-8.614704;-0.150355;0.7180779
3688773917;41.14425;-8.612137;-0.1503101;0.7181026
3688773918;41.14426;-8.612121;-0.1503099;0.7181028
4199180593;41.14108;-8.614478;-0.150351;0.7180474
4199223989;41.14116;-8.614534;-0.150352;0.7180487
4527005384;41.1412;-8.614517;-0.1503517;0.7180494
4527005386;41.14145;-8.613364;-0.1503316;0.7180538
4529130480;41.14254;-8.614118;-0.1503447;0.7180728
4529130481;41.14264;-8.614099;-0.1503444;0.7180744
4529130486;41.14271;-8.615278;-0.150365;0.7180757
4529130488;41.14216;-8.614373;-0.1503492;0.7180662
4529131591;41.14171;-8.61452;-0.1503517;0.7180583
4529131593;41.14165;-8.614652;-0.150354;0.7180573
4529131595;41.14164;-8.615398;-0.1503671;0.7180572
4529131597;41.14171;-8.615299;-0.1503653;0.7180583
4529131600;41.14156;-8.615314;-0.1503656;0.7180557
4529131602;41.14166;-8.615191;-0.1503634;0.7180574
4529131604;41.14109;-8.61458;-0.1503528;0.7180475
4529131605;41.14105;-8.614558;-0.1503524;0.7180468
4529131608;41.1409;-8.615317;-0.1503657;0.7180442
4529131610;41.14075;-8.615414;-0.1503673;0.7180415
4529131612;41.14167;-8.616655;-0.150389;0.7180575
4529953574;41.14449;-8.617447;-0.1504028;0.7181068
4552662441;41.14363;-8.61088;-0.1502882;0.7180918
4553025618;41.14292;-8.614719;-0.1503552;0.7180794
4554258208;41.14096;-8.613189;-0.1503285;0.7180452
4554401292;41.14043;-8.612649;-0.1503191;0.7180361
4555697401;41.14084;-8.610088;-0.1502744;0.7180431
4555699311;41.14053;-8.611839;-0.1503049;0.7180378
4555699312;41.14074;-8.610466;-0.150281;0.7180413
4555699314;41.1405;-8.612156;-0.1503105;0.7180371
4556158591;41.14108;-8.608789;-0.1502517;0.7180472
4556158593;41.14136;-8.607391;-0.1502273;0.7180521
4556158596;41.14113;-8.608658;-0.1502494;0.7180482
4556158600;41.14132;-8.607844;-0.1502352;0.7180514
4556158605;41.14104;-8.608826;-0.1502524;0.7180467
4556236525;41.14273;-8.608318;-0.1502435;0.7180762
4556236529;41.14214;-8.607385;-0.1502272;0.7180657
4556255874;41.14206;-8.608555;-0.1502476;0.7180645
4556366835;41.14317;-8.608628;-0.1502489;0.7180837
4559387634;41.14179;-8.604482;-0.1501765;0.7180597
4559387635;41.14178;-8.605358;-0.1501918;0.7180595
4595511220;41.14354;-8.618349;-0.1504186;0.7180903
4595511221;41.14404;-8.618298;-0.1504177;0.7180989
4595511222;41.14427;-8.618301;-0.1504177;0.718103
4595511223;41.14447;-8.618304;-0.1504178;0.7181064
4673335534;41.1432;-8.610438;-0.1502805;0.7180844
4679272904;41.1428;-8.615147;-0.1503627;0.7180773
4679272915;41.14278;-8.615386;-0.1503669;0.7180769
4679272918;41.14287;-8.614711;-0.1503551;0.7180786
4681665499;41.14249;-8.615365;-0.1503665;0.7180719
4856638649;41.14032;-8.596112;-0.1500305;0.718034
4925408905;41.1431;-8.611079;-0.1502917;0.7180827
4925408906;41.14313;-8.611065;-0.1502914;0.7180831
4925459189;41.14412;-8.610948;-0.1502894;0.7181004
4925459191;41.14369;-8.610855;-0.1502878;0.7180928
4925459192;41.14384;-8.610888;-0.1502883;0.7180955
4925459193;41.14418;-8.610619;-0.1502836;0.7181015
4927248028;41.14096;-8.616161;-0.1503804;0.7180453
4927256628;41.1408;-8.616174;-0.1503806;0.7180425
4927256629;41.14088;-8.615989;-0.1503774;0.7180439
4927256630;41.14104;-8.616218;-0.1503814;0.7180467
4927256631;41.14088;-8.615782;-0.1503738;0.7180437
4927256632;41.14104;-8.616063;-0.1503787;0.7180465
4927256633;41.1408;-8.615992;-0.1503774;0.7180424
4927256634;41.14079;-8.615685;-0.1503721;0.7180421
4927256635;41.14093;-8.61622;-0.1503814;0.7180447
4927256636;41.14093;-8.61617;-0.1503805;0.7180447
4927256637;41.14096;-8.61622;-0.1503814;0.7180453
4927256638;41.14096;-8.616067;-0.1503787;0.7180452
4927256639;41.14089;-8.61607;-0.1503788;0.718044
4927261931;41.14176;-8.614669;-0.1503543;0.7180591
4927261932;41.14223;-8.614685;-0.1503546;0.7180675
4927261933;41.14199;-8.614678;-0.1503545;0.7180631
4927261934;41.14175;-8.615143;-0.1503626;0.7180591
4927261935;41.14223;-8.615153;-0.1503628;0.7180675
4927261936;41.14197;-8.615147;-0.1503627;0.7180628
4927261937;41.14176;-8.614911;-0.1503586;0.7180591
4927269235;41.14165;-8.614619;-0.1503535;0.7180573
4996732855;41.14177;-8.614591;-0.150353;0.7180594
4999529509;41.14043;-8.614516;-0.1503517;0.7180359
5051610943;41.14332;-8.610334;-0.1502787;0.7180864
5175588783;41.14305;-8.608453;-0.1502458;0.7180817
5175588784;41.14314;-8.608412;-0.1502451;0.7180833
5175588786;41.14285;-8.608274;-0.1502427;0.7180781
5175588787;41.14309;-8.608431;-0.1502455;0.7180824
5320177921;41.14492;-8.610948;-0.1502894;0.7181143
5342917063;41.14217;-8.607353;-0.1502267;0.7180664
5342917065;41.14091;-8.609156;-0.1502581;0.7180443
